                        Flux [/cm^2/50MeV/1E21POT]
Bin#   Energy           numu      numubar   nue       nuebar 
----------------------------------------------------------------
1      0.00 - 0.01      1.33e+09  1.29e+09  2.20e+07  3.77e+06 
2      0.01 - 0.02      7.13e+09  7.74e+09  9.99e+07  1.71e+07 
3      0.02 - 0.03      1.53e+10  1.82e+10  2.56e+08  3.83e+07 
4      0.03 - 0.04      2.51e+10  3.12e+10  4.38e+08  6.67e+07 
5      0.04 - 0.05      3.53e+10  4.47e+10  6.96e+08  8.79e+07 
6      0.05 - 0.06      4.46e+10  5.96e+10  9.56e+08  1.16e+08 
7      0.06 - 0.07      5.45e+10  7.05e+10  1.27e+09  1.46e+08 
8      0.07 - 0.08      6.50e+10  7.35e+10  1.64e+09  1.71e+08 
9      0.08 - 0.09      8.00e+10  7.19e+10  2.02e+09  2.01e+08 
10     0.09 - 0.10      1.03e+11  6.79e+10  2.38e+09  2.31e+08 
11     0.10 - 0.11      1.13e+11  6.26e+10  2.81e+09  2.60e+08 
12     0.11 - 0.12      1.20e+11  5.75e+10  3.18e+09  2.82e+08 
13     0.12 - 0.13      1.33e+11  5.22e+10  3.48e+09  2.91e+08 
14     0.13 - 0.14      1.46e+11  5.01e+10  3.89e+09  3.21e+08 
15     0.14 - 0.15      1.60e+11  4.81e+10  4.32e+09  3.48e+08 
16     0.15 - 0.16      1.72e+11  4.60e+10  4.69e+09  3.65e+08 
17     0.16 - 0.17      1.90e+11  4.49e+10  5.01e+09  3.87e+08 
18     0.17 - 0.18      2.09e+11  4.38e+10  5.36e+09  3.99e+08 
19     0.18 - 0.19      2.28e+11  4.29e+10  5.51e+09  4.06e+08 
20     0.19 - 0.20      2.50e+11  4.41e+10  5.81e+09  4.27e+08 
21     0.20 - 0.21      2.75e+11  4.26e+10  6.15e+09  4.57e+08 
22     0.21 - 0.22      3.01e+11  4.22e+10  6.53e+09  4.69e+08 
23     0.22 - 0.23      3.31e+11  4.33e+10  6.65e+09  4.76e+08 
24     0.23 - 0.24      3.59e+11  4.26e+10  6.93e+09  5.02e+08 
25     0.24 - 0.25      3.92e+11  4.38e+10  7.32e+09  5.25e+08 
26     0.25 - 0.26      4.27e+11  4.43e+10  7.39e+09  5.21e+08 
27     0.26 - 0.27      4.61e+11  4.23e+10  7.60e+09  5.35e+08 
28     0.27 - 0.28      4.99e+11  4.25e+10  7.84e+09  5.55e+08 
29     0.28 - 0.29      5.40e+11  4.18e+10  8.11e+09  5.65e+08 
30     0.29 - 0.30      5.81e+11  4.34e+10  8.18e+09  5.70e+08 
31     0.30 - 0.31      6.17e+11  4.07e+10  8.35e+09  5.86e+08 
32     0.31 - 0.32      6.56e+11  4.09e+10  8.52e+09  6.14e+08 
33     0.32 - 0.33      7.05e+11  4.18e+10  8.66e+09  5.96e+08 
34     0.33 - 0.34      7.42e+11  4.41e+10  8.82e+09  6.06e+08 
35     0.34 - 0.35      7.90e+11  4.31e+10  8.91e+09  6.14e+08 
36     0.35 - 0.36      8.32e+11  4.36e+10  9.12e+09  6.33e+08 
37     0.36 - 0.37      8.77e+11  4.44e+10  9.23e+09  6.55e+08 
38     0.37 - 0.38      9.41e+11  4.02e+10  9.14e+09  6.49e+08 
39     0.38 - 0.39      9.78e+11  4.40e+10  9.26e+09  6.47e+08 
40     0.39 - 0.40      1.03e+12  4.59e+10  9.33e+09  6.58e+08 
41     0.40 - 0.41      1.09e+12  4.25e+10  9.45e+09  6.74e+08 
42     0.41 - 0.42      1.14e+12  4.63e+10  9.50e+09  6.50e+08 
43     0.42 - 0.43      1.19e+12  4.56e+10  9.45e+09  6.81e+08 
44     0.43 - 0.44      1.25e+12  4.54e+10  9.36e+09  6.59e+08 
45     0.44 - 0.45      1.30e+12  4.43e+10  9.45e+09  6.77e+08 
46     0.45 - 0.46      1.36e+12  4.55e+10  9.54e+09  6.91e+08 
47     0.46 - 0.47      1.41e+12  4.62e+10  9.38e+09  6.88e+08 
48     0.47 - 0.48      1.46e+12  4.54e+10  9.59e+09  6.77e+08 
49     0.48 - 0.49      1.51e+12  4.35e+10  9.64e+09  6.62e+08 
50     0.49 - 0.50      1.57e+12  4.66e+10  9.13e+09  6.78e+08 
51     0.50 - 0.51      1.60e+12  4.38e+10  9.29e+09  6.85e+08 
52     0.51 - 0.52      1.60e+12  4.64e+10  9.26e+09  6.77e+08 
53     0.52 - 0.53      1.65e+12  4.72e+10  9.08e+09  7.28e+08 
54     0.53 - 0.54      1.66e+12  4.41e+10  9.24e+09  6.75e+08 
55     0.54 - 0.55      1.69e+12  4.35e+10  9.07e+09  6.83e+08 
56     0.55 - 0.56      1.66e+12  4.22e+10  8.91e+09  7.04e+08 
57     0.56 - 0.57      1.65e+12  4.53e+10  8.90e+09  7.06e+08 
58     0.57 - 0.58      1.65e+12  4.14e+10  8.74e+09  6.89e+08 
59     0.58 - 0.59      1.64e+12  4.29e+10  8.73e+09  6.95e+08 
60     0.59 - 0.60      1.63e+12  4.58e+10  8.63e+09  7.00e+08 
61     0.60 - 0.61      1.60e+12  4.19e+10  8.48e+09  6.74e+08 
62     0.61 - 0.62      1.58e+12  4.01e+10  8.42e+09  6.77e+08 
63     0.62 - 0.63      1.53e+12  4.12e+10  8.32e+09  6.75e+08 
64     0.63 - 0.64      1.50e+12  4.27e+10  8.22e+09  6.65e+08 
65     0.64 - 0.65      1.48e+12  4.16e+10  7.94e+09  6.66e+08 
66     0.65 - 0.66      1.48e+12  4.10e+10  8.09e+09  6.44e+08 
67     0.66 - 0.67      1.43e+12  4.28e+10  7.86e+09  6.50e+08 
68     0.67 - 0.68      1.37e+12  3.83e+10  7.70e+09  6.82e+08 
69     0.68 - 0.69      1.34e+12  3.83e+10  7.59e+09  6.46e+08 
70     0.69 - 0.70      1.31e+12  4.04e+10  7.61e+09  6.46e+08 
71     0.70 - 0.71      1.27e+12  3.86e+10  7.49e+09  6.55e+08 
72     0.71 - 0.72      1.23e+12  3.79e+10  7.37e+09  6.52e+08 
73     0.72 - 0.73      1.18e+12  3.65e+10  7.31e+09  6.51e+08 
74     0.73 - 0.74      1.12e+12  3.69e+10  7.01e+09  6.27e+08 
75     0.74 - 0.75      1.08e+12  3.60e+10  6.97e+09  6.38e+08 
76     0.75 - 0.76      1.03e+12  3.65e+10  6.93e+09  6.37e+08 
77     0.76 - 0.77      9.72e+11  3.36e+10  6.77e+09  6.33e+08 
78     0.77 - 0.78      9.30e+11  3.36e+10  6.64e+09  6.41e+08 
79     0.78 - 0.79      8.83e+11  3.40e+10  6.40e+09  6.23e+08 
80     0.79 - 0.80      8.36e+11  3.37e+10  6.21e+09  6.40e+08 
81     0.80 - 0.82      7.54e+11  3.16e+10  6.32e+09  6.31e+08 
82     0.82 - 0.84      6.67e+11  3.26e+10  6.01e+09  6.20e+08 
83     0.84 - 0.86      5.81e+11  3.11e+10  5.86e+09  6.03e+08 
84     0.86 - 0.88      5.17e+11  2.91e+10  5.45e+09  6.10e+08 
85     0.88 - 0.90      4.44e+11  2.64e+10  5.42e+09  6.01e+08 
86     0.90 - 0.95      3.66e+11  2.77e+10  4.89e+09  5.98e+08 
87     0.95 - 1.00      2.77e+11  2.55e+10  4.43e+09  5.72e+08 
88     1.00 - 1.05      2.28e+11  2.32e+10  3.94e+09  5.72e+08 
89     1.05 - 1.10      1.87e+11  2.19e+10  3.70e+09  5.48e+08 
90     1.10 - 1.15      1.62e+11  1.94e+10  3.24e+09  5.47e+08 
91     1.15 - 1.20      1.39e+11  1.76e+10  3.02e+09  5.23e+08 
92     1.20 - 1.30      1.14e+11  1.69e+10  2.71e+09  5.21e+08 
93     1.30 - 1.40      9.01e+10  1.45e+10  2.37e+09  4.87e+08 
94     1.40 - 1.50      7.39e+10  1.31e+10  2.11e+09  4.72e+08 
95     1.50 - 1.60      6.29e+10  1.09e+10  1.95e+09  4.40e+08 
96     1.60 - 1.70      5.46e+10  1.01e+10  1.80e+09  4.27e+08 
97     1.70 - 1.80      4.71e+10  8.59e+09  1.69e+09  3.97e+08 
98     1.80 - 1.90      4.11e+10  7.95e+09  1.60e+09  3.75e+08 
99     1.90 - 2.00      3.65e+10  6.75e+09  1.53e+09  3.56e+08 
100    2.00 - 2.10      3.24e+10  6.11e+09  1.48e+09  3.44e+08 
101    2.10 - 2.20      2.95e+10  5.71e+09  1.40e+09  3.28e+08 
102    2.20 - 2.30      2.81e+10  4.98e+09  1.33e+09  2.92e+08 
103    2.30 - 2.40      2.49e+10  4.45e+09  1.26e+09  2.77e+08 
104    2.40 - 2.60      2.17e+10  3.86e+09  1.18e+09  2.53e+08 
105    2.60 - 2.80      1.92e+10  3.31e+09  1.05e+09  2.27e+08 
106    2.80 - 3.00      1.79e+10  2.77e+09  9.24e+08  1.98e+08 
107    3.00 - 3.20      1.63e+10  2.34e+09  8.11e+08  1.72e+08 
108    3.20 - 3.40      1.54e+10  1.93e+09  7.04e+08  1.51e+08 
109    3.40 - 3.60      1.47e+10  1.55e+09  6.17e+08  1.33e+08 
110    3.60 - 3.80      1.36e+10  1.37e+09  5.15e+08  1.14e+08 
111    3.80 - 4.00      1.26e+10  1.24e+09  4.45e+08  9.85e+07 
112    4.00 - 4.50      1.11e+10  8.93e+08  3.39e+08  8.07e+07 
113    4.50 - 5.00      8.57e+09  6.45e+08  2.28e+08  5.93e+07 
114    5.00 - 6.00      5.35e+09  3.86e+08  1.34e+08  3.55e+07 
115    6.00 - 7.00      2.89e+09  2.04e+08  6.64e+07  1.88e+07 
116    7.00 - 8.00      1.73e+09  1.16e+08  3.40e+07  9.78e+06 
117    8.00 - 9.00      1.06e+09  7.44e+07  1.72e+07  5.23e+06 
118    9.00 - 10.00     6.28e+08  4.02e+07  9.34e+06  3.12e+06 
119    10.00 - 11.00    3.86e+08  2.21e+07  4.19e+06  1.49e+06 
120    11.00 - 12.00    2.14e+08  1.16e+07  2.53e+06  9.93e+05 
121    12.00 - 13.00    1.34e+08  6.76e+06  8.93e+05  5.74e+05 
122    13.00 - 14.00    7.30e+07  3.34e+06  5.81e+05  3.20e+05 
123    14.00 - 15.00    4.54e+07  2.46e+06  2.74e+05  4.17e+04 
124    15.00 - 16.00    2.07e+07  2.32e+06  5.21e+04  6.72e+04 
125    16.00 - 17.00    1.42e+07  1.38e+06  3.71e+04  2.21e+02 
126    17.00 - 18.00    9.55e+06  1.42e+06  7.54e+03  2.52e-08 
127    18.00 - 19.00    3.31e+06  4.45e+04  1.53e+04  0.00e+00 
128    19.00 - 20.00    1.63e+06  6.95e+03  6.43e+03  0.00e+00 
129    20.00 - 21.00    4.03e+05  4.53e+05  0.00e+00  0.00e+00 
130    21.00 - 22.00    2.11e+05  0.00e+00  0.00e+00  0.00e+00 
131    22.00 - 23.00    0.00e+00  0.00e+00  0.00e+00  0.00e+00 
132    23.00 - 24.00    8.70e+03  0.00e+00  0.00e+00  0.00e+00 
133    24.00 - 25.00    0.00e+00  0.00e+00  0.00e+00  0.00e+00 
134    25.00 - 26.00    0.00e+00  0.00e+00  0.00e+00  0.00e+00 
135    26.00 - 27.00    0.00e+00  0.00e+00  0.00e+00  0.00e+00 
136    27.00 - 28.00    0.00e+00  0.00e+00  0.00e+00  0.00e+00 
137    28.00 - 29.00    0.00e+00  0.00e+00  0.00e+00  0.00e+00 
138    29.00 - 30.00    0.00e+00  0.00e+00  0.00e+00  0.00e+00 
