                        Flux [/cm^2/50MeV/1E21POT]
Bin#   Energy           numu      numubar   nue       nuebar 
----------------------------------------------------------------
1      0.00 - 0.01      1.35e+09  1.17e+09  5.53e+06  1.59e+07 
2      0.01 - 0.02      7.93e+09  6.65e+09  2.08e+07  9.10e+07 
3      0.02 - 0.03      1.86e+10  1.45e+10  4.67e+07  2.10e+08 
4      0.03 - 0.04      3.16e+10  2.38e+10  7.68e+07  3.94e+08 
5      0.04 - 0.05      4.59e+10  3.33e+10  1.12e+08  6.29e+08 
6      0.05 - 0.06      5.98e+10  4.23e+10  1.44e+08  8.79e+08 
7      0.06 - 0.07      7.08e+10  5.16e+10  1.84e+08  1.18e+09 
8      0.07 - 0.08      7.34e+10  6.07e+10  2.24e+08  1.47e+09 
9      0.08 - 0.09      7.11e+10  7.68e+10  2.60e+08  1.80e+09 
10     0.09 - 0.10      6.68e+10  1.00e+11  2.92e+08  2.19e+09 
11     0.10 - 0.11      6.17e+10  1.09e+11  3.25e+08  2.51e+09 
12     0.11 - 0.12      5.74e+10  1.19e+11  3.62e+08  2.85e+09 
13     0.12 - 0.13      5.18e+10  1.29e+11  3.85e+08  3.20e+09 
14     0.13 - 0.14      4.87e+10  1.41e+11  4.30e+08  3.54e+09 
15     0.14 - 0.15      4.88e+10  1.56e+11  4.58e+08  3.85e+09 
16     0.15 - 0.16      4.57e+10  1.68e+11  4.93e+08  4.16e+09 
17     0.16 - 0.17      4.59e+10  1.83e+11  5.18e+08  4.43e+09 
18     0.17 - 0.18      4.50e+10  2.02e+11  5.59e+08  4.80e+09 
19     0.18 - 0.19      4.47e+10  2.21e+11  5.77e+08  5.04e+09 
20     0.19 - 0.20      4.58e+10  2.44e+11  5.95e+08  5.22e+09 
21     0.20 - 0.21      4.44e+10  2.67e+11  6.28e+08  5.54e+09 
22     0.21 - 0.22      4.45e+10  2.93e+11  6.56e+08  5.79e+09 
23     0.22 - 0.23      4.44e+10  3.17e+11  6.90e+08  5.95e+09 
24     0.23 - 0.24      4.41e+10  3.44e+11  7.06e+08  6.12e+09 
25     0.24 - 0.25      4.46e+10  3.71e+11  7.15e+08  6.43e+09 
26     0.25 - 0.26      4.43e+10  4.04e+11  7.36e+08  6.51e+09 
27     0.26 - 0.27      4.37e+10  4.33e+11  7.59e+08  6.75e+09 
28     0.27 - 0.28      4.41e+10  4.64e+11  7.97e+08  6.85e+09 
29     0.28 - 0.29      4.36e+10  5.02e+11  7.99e+08  7.06e+09 
30     0.29 - 0.30      4.52e+10  5.36e+11  8.05e+08  7.21e+09 
31     0.30 - 0.31      4.44e+10  5.75e+11  8.48e+08  7.33e+09 
32     0.31 - 0.32      4.56e+10  6.09e+11  8.45e+08  7.47e+09 
33     0.32 - 0.33      4.50e+10  6.44e+11  8.50e+08  7.50e+09 
34     0.33 - 0.34      4.63e+10  6.84e+11  8.58e+08  7.69e+09 
35     0.34 - 0.35      4.57e+10  7.15e+11  8.77e+08  7.76e+09 
36     0.35 - 0.36      4.68e+10  7.48e+11  9.03e+08  7.76e+09 
37     0.36 - 0.37      4.82e+10  7.91e+11  8.86e+08  7.86e+09 
38     0.37 - 0.38      4.68e+10  8.23e+11  8.96e+08  7.89e+09 
39     0.38 - 0.39      4.88e+10  8.62e+11  9.11e+08  7.97e+09 
40     0.39 - 0.40      4.79e+10  9.06e+11  9.00e+08  8.04e+09 
41     0.40 - 0.41      4.92e+10  9.47e+11  9.21e+08  7.92e+09 
42     0.41 - 0.42      4.85e+10  9.96e+11  9.29e+08  7.99e+09 
43     0.42 - 0.43      4.83e+10  1.04e+12  9.28e+08  8.01e+09 
44     0.43 - 0.44      4.78e+10  1.08e+12  9.08e+08  8.06e+09 
45     0.44 - 0.45      4.97e+10  1.13e+12  9.17e+08  7.98e+09 
46     0.45 - 0.46      4.94e+10  1.17e+12  9.24e+08  7.97e+09 
47     0.46 - 0.47      4.90e+10  1.22e+12  9.47e+08  7.98e+09 
48     0.47 - 0.48      4.81e+10  1.26e+12  9.25e+08  7.92e+09 
49     0.48 - 0.49      4.87e+10  1.30e+12  9.23e+08  7.90e+09 
50     0.49 - 0.50      5.13e+10  1.34e+12  9.39e+08  7.83e+09 
51     0.50 - 0.51      4.99e+10  1.36e+12  9.40e+08  7.85e+09 
52     0.51 - 0.52      4.96e+10  1.38e+12  9.68e+08  7.70e+09 
53     0.52 - 0.53      4.98e+10  1.39e+12  9.37e+08  7.67e+09 
54     0.53 - 0.54      4.95e+10  1.41e+12  9.35e+08  7.52e+09 
55     0.54 - 0.55      5.09e+10  1.42e+12  9.20e+08  7.44e+09 
56     0.55 - 0.56      5.19e+10  1.41e+12  9.10e+08  7.41e+09 
57     0.56 - 0.57      5.00e+10  1.40e+12  9.34e+08  7.36e+09 
58     0.57 - 0.58      4.90e+10  1.39e+12  9.24e+08  7.25e+09 
59     0.58 - 0.59      4.76e+10  1.37e+12  9.17e+08  7.17e+09 
60     0.59 - 0.60      4.71e+10  1.35e+12  9.07e+08  7.10e+09 
61     0.60 - 0.61      4.83e+10  1.33e+12  9.15e+08  7.17e+09 
62     0.61 - 0.62      4.97e+10  1.31e+12  9.18e+08  7.08e+09 
63     0.62 - 0.63      4.82e+10  1.28e+12  9.06e+08  6.81e+09 
64     0.63 - 0.64      4.57e+10  1.26e+12  9.23e+08  6.71e+09 
65     0.64 - 0.65      4.84e+10  1.23e+12  9.11e+08  6.77e+09 
66     0.65 - 0.66      4.79e+10  1.20e+12  8.84e+08  6.52e+09 
67     0.66 - 0.67      4.48e+10  1.17e+12  8.96e+08  6.37e+09 
68     0.67 - 0.68      4.61e+10  1.15e+12  9.36e+08  6.31e+09 
69     0.68 - 0.69      4.49e+10  1.11e+12  8.93e+08  6.18e+09 
70     0.69 - 0.70      4.58e+10  1.07e+12  9.02e+08  6.03e+09 
71     0.70 - 0.71      4.55e+10  1.03e+12  8.70e+08  5.92e+09 
72     0.71 - 0.72      4.45e+10  9.92e+11  8.71e+08  5.95e+09 
73     0.72 - 0.73      4.48e+10  9.44e+11  8.51e+08  5.83e+09 
74     0.73 - 0.74      4.31e+10  9.08e+11  8.58e+08  5.65e+09 
75     0.74 - 0.75      4.13e+10  8.78e+11  8.50e+08  5.53e+09 
76     0.75 - 0.76      4.23e+10  8.17e+11  8.70e+08  5.43e+09 
77     0.76 - 0.77      4.14e+10  7.74e+11  8.55e+08  5.32e+09 
78     0.77 - 0.78      4.12e+10  7.41e+11  8.31e+08  5.30e+09 
79     0.78 - 0.79      4.10e+10  6.94e+11  8.44e+08  5.12e+09 
80     0.79 - 0.80      3.93e+10  6.50e+11  8.41e+08  5.05e+09 
81     0.80 - 0.82      3.80e+10  5.92e+11  8.46e+08  4.79e+09 
82     0.82 - 0.84      3.71e+10  5.23e+11  8.24e+08  4.60e+09 
83     0.84 - 0.86      3.76e+10  4.56e+11  8.23e+08  4.43e+09 
84     0.86 - 0.88      3.72e+10  3.95e+11  8.07e+08  4.21e+09 
85     0.88 - 0.90      3.56e+10  3.40e+11  7.92e+08  4.05e+09 
86     0.90 - 0.95      3.44e+10  2.76e+11  7.85e+08  3.77e+09 
87     0.95 - 1.00      3.26e+10  2.10e+11  7.63e+08  3.26e+09 
88     1.00 - 1.05      3.08e+10  1.65e+11  7.55e+08  2.88e+09 
89     1.05 - 1.10      2.85e+10  1.36e+11  7.24e+08  2.55e+09 
90     1.10 - 1.15      2.74e+10  1.14e+11  7.12e+08  2.29e+09 
91     1.15 - 1.20      2.60e+10  9.65e+10  6.89e+08  2.07e+09 
92     1.20 - 1.30      2.40e+10  8.08e+10  6.66e+08  1.72e+09 
93     1.30 - 1.40      2.13e+10  6.33e+10  6.38e+08  1.43e+09 
94     1.40 - 1.50      1.93e+10  5.12e+10  6.19e+08  1.22e+09 
95     1.50 - 1.60      1.68e+10  4.25e+10  5.88e+08  1.06e+09 
96     1.60 - 1.70      1.56e+10  3.56e+10  5.60e+08  9.55e+08 
97     1.70 - 1.80      1.39e+10  3.11e+10  5.29e+08  8.68e+08 
98     1.80 - 1.90      1.23e+10  2.70e+10  5.06e+08  8.05e+08 
99     1.90 - 2.00      1.15e+10  2.38e+10  4.78e+08  7.41e+08 
100    2.00 - 2.10      1.02e+10  2.04e+10  4.58e+08  6.86e+08 
101    2.10 - 2.20      9.65e+09  1.80e+10  4.28e+08  6.48e+08 
102    2.20 - 2.30      9.03e+09  1.59e+10  4.15e+08  6.12e+08 
103    2.30 - 2.40      8.04e+09  1.43e+10  3.91e+08  5.66e+08 
104    2.40 - 2.60      7.49e+09  1.24e+10  3.58e+08  5.12e+08 
105    2.60 - 2.80      6.30e+09  1.02e+10  3.19e+08  4.48e+08 
106    2.80 - 3.00      5.46e+09  8.62e+09  2.87e+08  3.83e+08 
107    3.00 - 3.20      4.83e+09  7.44e+09  2.58e+08  3.25e+08 
108    3.20 - 3.40      4.11e+09  6.62e+09  2.30e+08  2.84e+08 
109    3.40 - 3.60      3.53e+09  5.93e+09  2.05e+08  2.41e+08 
110    3.60 - 3.80      3.23e+09  5.18e+09  1.86e+08  2.00e+08 
111    3.80 - 4.00      2.72e+09  4.59e+09  1.59e+08  1.71e+08 
112    4.00 - 4.50      2.33e+09  3.70e+09  1.32e+08  1.27e+08 
113    4.50 - 5.00      1.81e+09  2.55e+09  9.94e+07  8.58e+07 
114    5.00 - 6.00      1.30e+09  1.36e+09  6.39e+07  4.93e+07 
115    6.00 - 7.00      8.07e+08  6.34e+08  3.64e+07  2.47e+07 
116    7.00 - 8.00      5.60e+08  3.26e+08  2.01e+07  1.22e+07 
117    8.00 - 9.00      3.87e+08  1.68e+08  1.15e+07  5.86e+06 
118    9.00 - 10.00     2.68e+08  9.00e+07  6.23e+06  2.85e+06 
119    10.00 - 11.00    1.81e+08  4.11e+07  3.37e+06  1.74e+06 
120    11.00 - 12.00    1.26e+08  1.97e+07  1.81e+06  8.04e+05 
121    12.00 - 13.00    8.56e+07  9.47e+06  1.24e+06  4.68e+05 
122    13.00 - 14.00    5.24e+07  5.40e+06  4.80e+05  1.91e+05 
123    14.00 - 15.00    3.17e+07  3.23e+06  1.99e+05  1.08e+05 
124    15.00 - 16.00    2.32e+07  2.31e+06  1.73e+05  4.54e+04 
125    16.00 - 17.00    1.34e+07  5.33e+05  3.03e+04  7.36e+02 
126    17.00 - 18.00    7.98e+06  1.39e+05  2.11e+04  1.02e+02 
127    18.00 - 19.00    4.69e+06  7.07e+04  1.39e+04  1.30e+03 
128    19.00 - 20.00    1.77e+06  0.00e+00  1.26e+04  0.00e+00 
129    20.00 - 21.00    1.50e+06  0.00e+00  0.00e+00  0.00e+00 
130    21.00 - 22.00    8.03e+05  0.00e+00  0.00e+00  0.00e+00 
131    22.00 - 23.00    1.89e+04  0.00e+00  0.00e+00  0.00e+00 
132    23.00 - 24.00    1.20e+05  0.00e+00  0.00e+00  0.00e+00 
133    24.00 - 25.00    0.00e+00  0.00e+00  0.00e+00  0.00e+00 
134    25.00 - 26.00    0.00e+00  0.00e+00  0.00e+00  0.00e+00 
135    26.00 - 27.00    0.00e+00  0.00e+00  0.00e+00  0.00e+00 
136    27.00 - 28.00    0.00e+00  0.00e+00  0.00e+00  0.00e+00 
137    28.00 - 29.00    0.00e+00  0.00e+00  0.00e+00  0.00e+00 
138    29.00 - 30.00    0.00e+00  0.00e+00  0.00e+00  0.00e+00 
