0.005 2.6599999999999997e-07
0.015 1.426e-06
0.025 3.06e-06
0.035 5.02e-06
0.045 7.06e-06
0.055 8.92e-06
0.065 1.0899999999999999e-05
0.07500000000000001 1.3e-05
0.08499999999999999 1.6e-05
0.095 2.06e-05
0.10500000000000001 2.26e-05
0.11499999999999999 2.4e-05
0.125 2.66e-05
0.135 2.9199999999999998e-05
0.14500000000000002 3.2e-05
0.155 3.4399999999999996e-05
0.165 3.8e-05
0.175 4.18e-05
0.185 4.56e-05
0.195 4.9999999999999996e-05
0.20500000000000002 5.5e-05
0.215 6.02e-05
0.225 6.62e-05
0.235 7.18e-05
0.245 7.84e-05
0.255 8.54e-05
0.265 9.219999999999999e-05
0.275 9.98e-05
0.28500000000000003 0.000108
0.295 0.00011619999999999999
0.305 0.0001234
0.315 0.0001312
0.325 0.00014099999999999998
0.335 0.0001484
0.345 0.000158
0.355 0.0001664
0.365 0.0001754
0.375 0.0001882
0.385 0.00019559999999999998
0.395 0.000206
0.405 0.00021799999999999999
0.415 0.00022799999999999999
0.425 0.00023799999999999998
0.435 0.00025
0.445 0.00026
0.455 0.000272
0.46499999999999997 0.00028199999999999997
0.475 0.000292
0.485 0.00030199999999999997
0.495 0.000314
0.505 0.00031999999999999997
0.515 0.00031999999999999997
0.525 0.00033
0.535 0.000332
0.545 0.000338
0.555 0.000332
0.565 0.00033
0.575 0.00033
0.585 0.000328
0.595 0.000326
0.605 0.00031999999999999997
0.615 0.000316
0.625 0.000306
0.635 0.0003
0.645 0.000296
0.655 0.000296
0.665 0.000286
0.675 0.000274
0.685 0.000268
0.695 0.00026199999999999997
0.705 0.000254
0.715 0.000246
0.725 0.000236
0.735 0.000224
0.745 0.000216
0.755 0.000206
0.765 0.0001944
0.775 0.000186
0.785 0.00017659999999999998
0.795 0.0001672
0.81 0.0001508
0.83 0.0001334
0.85 0.00011619999999999999
0.87 0.00010339999999999999
0.89 8.88e-05
0.925 7.32e-05
0.975 5.54e-05
1.025 4.56e-05
1.0750000000000002 3.74e-05
1.125 3.24e-05
1.1749999999999998 2.7799999999999998e-05
1.25 2.28e-05
1.35 1.802e-05
1.45 1.4779999999999999e-05
1.55 1.258e-05
1.65 1.092e-05
1.75 9.42e-06
1.85 8.22e-06
1.95 7.2999999999999996e-06
2.05 6.48e-06
2.1500000000000004 5.9e-06
2.25 5.6199999999999996e-06
2.3499999999999996 4.98e-06
2.5 4.34e-06
2.7 3.84e-06
2.9 3.58e-06
3.1 3.26e-06
3.3 3.0799999999999997e-06
3.5 2.94e-06
3.7 2.72e-06
3.9 2.52e-06
4.25 2.22e-06
4.75 1.714e-06
5.5 1.07e-06
6.5 5.78e-07
7.5 3.46e-07
8.5 2.12e-07
9.5 1.2559999999999999e-07
10.5 7.72e-08
11.5 4.28e-08
12.5 2.68e-08
13.5 1.46e-08
14.5 9.08e-09
15.5 4.14e-09
16.5 2.84e-09
17.5 1.91e-09
18.5 6.62e-10
19.5 3.26e-10
20.5 8.06e-11
21.5 4.22e-11
22.5 0.0
23.5 1.74e-12
24.5 0.0
25.5 0.0
26.5 0.0
27.5 0.0
28.5 0.0
29.5 0.0
