0.0 2.3600200000000003e-10
0.5 3.40716e-10
1.0 3.3449400000000003e-10
1.5 3.5360000000000005e-10
2.0 3.54684e-10
2.5 3.5649600000000003e-10
3.0 3.4107400000000003e-10
3.5 3.2200800000000004e-10
4.0 2.92026e-10
4.5 2.6841400000000004e-10
5.0 2.58178e-10
5.5 2.48872e-10
6.0 2.41164e-10
6.5 2.25796e-10
7.0 2.1320800000000004e-10
7.5 1.944978e-10
8.0 1.8228340000000001e-10
8.5 1.63861e-10
9.0 1.480652e-10
9.5 1.3526400000000001e-10
10.0 1.233032e-10
10.5 1.108418e-10
11.0 1.0205240000000001e-10
11.5 9.05526e-11
12.0 8.21926e-11
12.5 7.46546e-11
13.0 6.747740000000001e-11
13.5 6.07744e-11
14.0 5.4361800000000005e-11
14.5 4.7905e-11
15.0 4.38336e-11
15.5 3.90592e-11
16.0 3.539e-11
16.5 3.22452e-11
17.0 2.9086600000000002e-11
17.5 2.51034e-11
18.0 2.33806e-11
18.5 2.1711e-11
19.0 1.899244e-11
19.5 1.7423060000000002e-11
20.0 1.61737e-11
20.5 1.40765e-11
21.0 1.256496e-11
21.5 1.1727660000000001e-11
22.0 1.058014e-11
22.5 9.23692e-12
23.0 8.69404e-12
23.5 8.09884e-12
24.0 7.33684e-12
24.5 6.616680000000001e-12
25.0 6.23454e-12
25.5 5.34252e-12
26.0 4.91236e-12
26.5 4.6240000000000005e-12
27.0 4.18852e-12
27.5 4.002880000000001e-12
28.0 3.67472e-12
28.5 3.47558e-12
29.0 3.14042e-12
29.5 3.00106e-12
30.0 2.7817200000000004e-12
30.5 2.58908e-12
31.0 2.4806200000000004e-12
31.5 2.27388e-12
32.0 2.0920000000000004e-12
32.5 2.0976e-12
33.0 2.03342e-12
33.5 1.73047e-12
34.0 1.594728e-12
34.5 1.7270860000000002e-12
35.0 1.407766e-12
35.5 1.465552e-12
36.0 1.366166e-12
36.5 1.866796e-12
37.0 1.209588e-12
37.5 1.158548e-12
38.0 1.058216e-12
38.5 8.903240000000001e-13
39.0 9.030280000000001e-13
39.5 7.213160000000001e-13
40.0 7.92642e-13
40.5 6.7457e-13
41.0 6.83946e-13
41.5 6.73702e-13
42.0 5.71982e-13
42.5 5.83244e-13
43.0 5.6578e-13
43.5 5.235400000000001e-13
44.0 5.76698e-13
44.5 5.070940000000001e-13
45.0 4.3971400000000004e-13
45.5 4.72846e-13
46.0 4.48092e-13
46.5 4.61e-13
47.0 4.2431000000000004e-13
47.5 4.1934600000000004e-13
48.0 3.83768e-13
48.5 4.0204199999999996e-13
49.0 3.6453800000000004e-13
49.5 3.0761400000000003e-13
50.0 3.2138e-13
50.5 2.7184199999999997e-13
51.0 2.8852e-13
51.5 2.4572000000000004e-13
52.0 2.91272e-13
52.5 2.4463000000000004e-13
53.0 2.64248e-13
53.5 2.37814e-13
54.0 2.03768e-13
54.5 2.30544e-13
55.0 1.7396660000000002e-13
55.5 1.6694660000000002e-13
56.0 1.3652300000000002e-13
56.5 1.395288e-13
57.0 1.332722e-13
57.5 1.430136e-13
58.0 1.221162e-13
58.5 1.038348e-13
59.0 1.737392e-13
59.5 9.562980000000002e-14
60.0 8.95388e-14
60.5 9.040360000000001e-14
61.0 8.206580000000001e-14
61.5 5.23694e-14
62.0 7.359740000000001e-14
62.5 6.90618e-14
63.0 5.031960000000001e-14
63.5 5.0928000000000004e-14
64.0 4.2628200000000006e-14
64.5 4.917560000000001e-14
65.0 7.618400000000001e-14
65.5 5.65866e-14
66.0 3.85844e-14
66.5 4.60352e-14
67.0 3.5324e-14
67.5 2.83782e-14
68.0 2.1318800000000002e-14
68.5 2.4354000000000004e-14
69.0 3.3904800000000006e-14
69.5 1.6171260000000002e-14
70.0 3.2486800000000004e-14
70.5 2.07802e-14
71.0 1.84221e-14
71.5 2.8315e-14
72.0 2.2897000000000003e-14
72.5 3.07838e-14
73.0 1.542472e-14
73.5 1.057866e-14
74.0 2.5209600000000003e-14
74.5 1.9895620000000002e-14
75.0 1.472928e-14
75.5 5.5826000000000004e-15
76.0 6.56724e-15
76.5 1.6025060000000002e-14
77.0 1.29754e-14
77.5 1.124238e-14
78.0 8.43468e-15
78.5 1.425744e-15
79.0 2.83784e-15
79.5 7.12942e-15
80.0 1.444254e-15
80.5 0.0
81.0 1.4554020000000002e-15
81.5 0.0
82.0 0.0
82.5 1.4074000000000002e-15
83.0 1.4166100000000002e-15
83.5 0.0
84.0 1.396142e-15
84.5 0.0
85.0 0.0
85.5 1.3516180000000002e-15
86.0 0.0
86.5 1.33691e-15
87.0 0.0
87.5 0.0
88.0 2.66782e-15
88.5 0.0
89.0 0.0
89.5 0.0
90.0 0.0
90.5 0.0
91.0 0.0
91.5 0.0
92.0 0.0
92.5 0.0
93.0 0.0
93.5 0.0
94.0 0.0
94.5 0.0
95.0 0.0
95.5 0.0
96.0 0.0
96.5 0.0
97.0 0.0
97.5 0.0
98.0 0.0
98.5 0.0
99.0 0.0
99.5 0.0
