0.0 2.5824200000000002e-12
0.5 4.38118e-12
1.0 4.4690000000000004e-12
1.5 5.40908e-12
2.0 4.13904e-12
2.5 4.13526e-12
3.0 4.2136600000000004e-12
3.5 3.77218e-12
4.0 3.91228e-12
4.5 3.70402e-12
5.0 3.6487400000000005e-12
5.5 3.28938e-12
6.0 3.21694e-12
6.5 3.0531200000000002e-12
7.0 2.76566e-12
7.5 2.9409600000000004e-12
8.0 2.5838400000000004e-12
8.5 2.56786e-12
9.0 2.55854e-12
9.5 2.1477800000000004e-12
10.0 1.914788e-12
10.5 2.02488e-12
11.0 1.846398e-12
11.5 1.8382600000000003e-12
12.0 1.7984820000000002e-12
12.5 1.4495360000000002e-12
13.0 1.525008e-12
13.5 1.4166160000000002e-12
14.0 1.6154980000000002e-12
14.5 1.480006e-12
15.0 1.19194e-12
15.5 1.0746540000000002e-12
16.0 1.1340040000000001e-12
16.5 1.1505520000000001e-12
17.0 9.51166e-13
17.5 9.829240000000001e-13
18.0 9.042040000000001e-13
18.5 7.99798e-13
19.0 9.747040000000002e-13
19.5 7.310800000000001e-13
20.0 8.69208e-13
20.5 7.26926e-13
21.0 6.859160000000001e-13
21.5 6.854700000000001e-13
22.0 5.881540000000001e-13
22.5 5.581020000000001e-13
23.0 4.56912e-13
23.5 5.20702e-13
24.0 4.76338e-13
24.5 5.56596e-13
25.0 4.72884e-13
25.5 3.8150200000000003e-13
26.0 5.09382e-13
26.5 4.3237600000000003e-13
27.0 3.15428e-13
27.5 3.4341e-13
28.0 3.2949200000000004e-13
28.5 2.5473600000000005e-13
29.0 3.14986e-13
29.5 2.71486e-13
30.0 2.24446e-13
30.5 2.70698e-13
31.0 1.684966e-13
31.5 2.15878e-13
32.0 1.9656720000000001e-13
32.5 2.0846e-13
33.0 1.772178e-13
33.5 1.621058e-13
34.0 1.472588e-13
34.5 1.771102e-13
35.0 9.384619999999999e-14
35.5 1.498574e-13
36.0 1.03058e-13
36.5 1.4625260000000002e-13
37.0 1.523856e-13
37.5 1.145322e-13
38.0 9.21246e-14
38.5 1.1771580000000003e-13
39.0 8.8704e-14
39.5 7.6818e-14
40.0 1.15239e-13
40.5 4.815000000000001e-14
41.0 3.1218800000000006e-14
41.5 6.10796e-14
42.0 4.1798800000000004e-14
42.5 5.834160000000001e-14
43.0 4.03774e-14
43.5 3.5746600000000005e-14
44.0 4.45612e-14
44.5 3.69396e-14
45.0 1.759988e-14
45.5 4.2234000000000006e-14
46.0 4.0109800000000003e-14
46.5 4.0825600000000005e-14
47.0 1.4132380000000001e-14
47.5 2.8624e-14
48.0 2.58e-14
48.5 2.3878400000000002e-14
49.0 2.7483400000000003e-14
49.5 2.10808e-14
50.0 2.50834e-14
50.5 1.513868e-14
51.0 6.48334e-15
51.5 8.64658e-15
52.0 1.9628460000000003e-14
52.5 1.069578e-14
53.0 2.10802e-15
53.5 0.0
54.0 2.10488e-15
54.5 2.05552e-15
55.0 4.01616e-15
55.5 2.06154e-15
56.0 0.0
56.5 0.0
57.0 5.93274e-15
57.5 5.918800000000001e-15
58.0 0.0
58.5 0.0
59.0 0.0
59.5 1.7019940000000001e-15
60.0 0.0
60.5 1.839874e-15
61.0 1.921312e-15
61.5 0.0
62.0 1.83643e-15
62.5 1.823198e-15
63.0 0.0
63.5 0.0
64.0 0.0
64.5 1.7675540000000002e-15
65.0 1.7564180000000002e-15
65.5 3.4361799999999998e-15
66.0 0.0
66.5 0.0
67.0 1.755258e-15
67.5 0.0
68.0 0.0
68.5 0.0
69.0 0.0
69.5 1.6885480000000002e-15
70.0 0.0
70.5 0.0
71.0 0.0
71.5 0.0
72.0 0.0
72.5 0.0
73.0 0.0
73.5 0.0
74.0 0.0
74.5 0.0
75.0 0.0
75.5 0.0
76.0 0.0
76.5 0.0
77.0 0.0
77.5 0.0
78.0 0.0
78.5 0.0
79.0 0.0
79.5 0.0
80.0 0.0
80.5 0.0
81.0 0.0
81.5 0.0
82.0 0.0
82.5 0.0
83.0 0.0
83.5 0.0
84.0 0.0
84.5 0.0
85.0 0.0
85.5 0.0
86.0 0.0
86.5 0.0
87.0 0.0
87.5 0.0
88.0 0.0
88.5 0.0
89.0 0.0
89.5 0.0
90.0 0.0
90.5 0.0
91.0 0.0
91.5 0.0
92.0 0.0
92.5 0.0
93.0 0.0
93.5 0.0
94.0 0.0
94.5 0.0
95.0 0.0
95.5 0.0
96.0 0.0
96.5 0.0
97.0 0.0
97.5 0.0
98.0 0.0
98.5 0.0
99.0 0.0
99.5 0.0
