0.0 5.14536e-10
0.5 1.30642e-09
1.0 3.39442e-09
1.5 5.029060000000001e-09
2.0 6.624700000000001e-09
2.5 8.146380000000001e-09
3.0 8.55222e-09
3.5 6.839080000000001e-09
4.0 4.08172e-09
4.5 2.21192e-09
5.0 1.357014e-09
5.5 9.73792e-10
6.0 7.898060000000001e-10
6.5 6.680360000000001e-10
7.0 5.81912e-10
7.5 5.093000000000001e-10
8.0 4.5757400000000004e-10
8.5 4.0992200000000003e-10
9.0 3.7069000000000004e-10
9.5 3.39654e-10
10.0 3.07284e-10
10.5 2.82946e-10
11.0 2.5626e-10
11.5 2.36838e-10
12.0 2.1458e-10
12.5 1.9775140000000002e-10
13.0 1.81223e-10
13.5 1.6846020000000002e-10
14.0 1.521682e-10
14.5 1.3898180000000003e-10
15.0 1.238924e-10
15.5 1.157508e-10
16.0 1.063472e-10
16.5 9.515180000000001e-11
17.0 8.808820000000001e-11
17.5 8.051040000000001e-11
18.0 7.4243e-11
18.5 6.807500000000001e-11
19.0 6.33636e-11
19.5 5.81306e-11
20.0 5.3332600000000006e-11
20.5 4.9770400000000004e-11
21.0 4.5637800000000007e-11
21.5 4.2259e-11
22.0 3.87036e-11
22.5 3.63924e-11
23.0 3.36848e-11
23.5 3.0274200000000004e-11
24.0 2.73302e-11
24.5 2.4749200000000002e-11
25.0 2.25282e-11
25.5 2.04314e-11
26.0 1.9573620000000002e-11
26.5 1.878978e-11
27.0 1.792432e-11
27.5 1.727218e-11
28.0 1.67426e-11
28.5 1.557892e-11
29.0 1.5098120000000002e-11
29.5 1.48958e-11
30.0 1.4217840000000002e-11
30.5 1.3693719999999999e-11
31.0 1.31257e-11
31.5 1.2612260000000001e-11
32.0 1.2072199999999999e-11
32.5 1.1831080000000001e-11
33.0 1.141186e-11
33.5 1.092572e-11
34.0 1.0692080000000001e-11
34.5 1.076396e-11
35.0 1.047498e-11
35.5 1.0536840000000001e-11
36.0 1.016284e-11
36.5 1.018314e-11
37.0 1.0264560000000001e-11
37.5 1.056968e-11
38.0 1.039798e-11
38.5 1.027766e-11
39.0 1.0429140000000001e-11
39.5 1.0562240000000001e-11
40.0 1.061954e-11
40.5 1.05452e-11
41.0 1.0160800000000002e-11
41.5 9.442560000000001e-12
42.0 9.4025e-12
42.5 8.9099e-12
43.0 8.70086e-12
43.5 8.2496e-12
44.0 8.07708e-12
44.5 7.94766e-12
45.0 7.54636e-12
45.5 7.453700000000001e-12
46.0 6.6102799999999996e-12
46.5 6.67072e-12
47.0 6.629680000000001e-12
47.5 6.4732800000000005e-12
48.0 6.1303e-12
48.5 5.99134e-12
49.0 5.76746e-12
49.5 5.04984e-12
50.0 4.569860000000001e-12
50.5 4.29932e-12
51.0 4.28108e-12
51.5 4.0943800000000006e-12
52.0 3.777760000000001e-12
52.5 3.43806e-12
53.0 3.3608800000000005e-12
53.5 3.03908e-12
54.0 2.57166e-12
54.5 2.45314e-12
55.0 2.2036200000000003e-12
55.5 1.9741240000000004e-12
56.0 1.720622e-12
56.5 1.4857e-12
57.0 1.2876620000000001e-12
57.5 1.2242080000000001e-12
58.0 1.1250200000000002e-12
58.5 1.096684e-12
59.0 1.0696e-12
59.5 9.8569e-13
60.0 9.42436e-13
60.5 8.65188e-13
61.0 8.893020000000001e-13
61.5 7.433420000000001e-13
62.0 7.216e-13
62.5 6.881700000000001e-13
63.0 6.4007e-13
63.5 6.570540000000001e-13
64.0 5.91932e-13
64.5 5.44744e-13
65.0 5.19216e-13
65.5 5.05514e-13
66.0 5.21416e-13
66.5 4.96364e-13
67.0 4.5254800000000003e-13
67.5 4.00668e-13
68.0 3.82108e-13
68.5 3.8080600000000003e-13
69.0 3.4486600000000004e-13
69.5 3.24928e-13
70.0 3.53664e-13
70.5 3.04108e-13
71.0 2.6091200000000004e-13
71.5 2.72306e-13
72.0 2.61106e-13
72.5 2.1901800000000002e-13
73.0 2.4083e-13
73.5 1.5650700000000002e-13
74.0 1.9462559999999998e-13
74.5 1.941914e-13
75.0 1.727302e-13
75.5 1.713062e-13
76.0 1.394092e-13
76.5 1.577102e-13
77.0 1.41455e-13
77.5 1.237256e-13
78.0 9.91462e-14
78.5 1.0171180000000002e-13
79.0 1.0415399999999999e-13
79.5 9.768980000000001e-14
80.0 8.73592e-14
80.5 7.69976e-14
81.0 7.631320000000001e-14
81.5 6.084540000000001e-14
82.0 6.978980000000001e-14
82.5 6.1962e-14
83.0 5.56074e-14
83.5 5.75224e-14
84.0 3.75412e-14
84.5 5.4083e-14
85.0 3.91676e-14
85.5 5.0219e-14
86.0 3.5481400000000004e-14
86.5 4.12216e-14
87.0 3.92366e-14
87.5 3.24872e-14
88.0 2.6142000000000002e-14
88.5 3.0331600000000004e-14
89.0 3.7746000000000004e-14
89.5 2.27136e-14
90.0 2.46586e-14
90.5 2.48552e-14
91.0 1.749292e-14
91.5 2.0813400000000002e-14
92.0 1.287362e-14
92.5 1.317866e-14
93.0 1.490188e-14
93.5 1.197282e-14
94.0 9.59332e-15
94.5 8.53218e-15
95.0 7.43494e-15
95.5 9.648540000000001e-15
96.0 2.7265400000000003e-15
96.5 4.49762e-15
97.0 5.57834e-15
97.5 6.63174e-15
98.0 5.4534800000000004e-15
98.5 7.68168e-15
99.0 8.27074e-15
99.5 3.36346e-15
