0.0 1.550792e-11
0.5 4.05388e-11
1.0 6.4522e-11
1.5 7.698720000000001e-11
2.0 8.3169e-11
2.5 7.633300000000001e-11
3.0 7.15074e-11
3.5 6.159700000000001e-11
4.0 5.12838e-11
4.5 4.24134e-11
5.0 3.4103e-11
5.5 2.8490400000000005e-11
6.0 2.2278e-11
6.5 1.752246e-11
7.0 1.3788320000000001e-11
7.5 1.116962e-11
8.0 9.31004e-12
8.5 7.80252e-12
9.0 7.35782e-12
9.5 7.07806e-12
10.0 6.007020000000001e-12
10.5 5.4684000000000004e-12
11.0 5.16208e-12
11.5 4.6349400000000004e-12
12.0 4.25726e-12
12.5 4.10674e-12
13.0 3.72878e-12
13.5 3.6169e-12
14.0 3.34898e-12
14.5 3.01476e-12
15.0 2.6952600000000004e-12
15.5 2.73426e-12
16.0 2.73796e-12
16.5 2.8576800000000004e-12
17.0 2.6448e-12
17.5 2.4814400000000004e-12
18.0 2.29064e-12
18.5 1.963058e-12
19.0 2.0582e-12
19.5 2.03114e-12
20.0 1.7823980000000002e-12
20.5 1.8360440000000002e-12
21.0 1.7059820000000001e-12
21.5 1.574888e-12
22.0 1.4938920000000002e-12
22.5 1.517758e-12
23.0 1.4207740000000001e-12
23.5 1.5072820000000002e-12
24.0 1.358886e-12
24.5 1.245262e-12
25.0 1.19772e-12
25.5 1.171214e-12
26.0 1.039774e-12
26.5 9.37492e-13
27.0 1.026448e-12
27.5 8.9316e-13
28.0 8.64632e-13
28.5 8.318260000000001e-13
29.0 7.686100000000001e-13
29.5 7.118600000000001e-13
30.0 7.553640000000001e-13
30.5 7.317680000000001e-13
31.0 7.51942e-13
31.5 6.0736e-13
32.0 5.70758e-13
32.5 5.836800000000001e-13
33.0 5.28772e-13
33.5 4.71706e-13
34.0 4.00544e-13
34.5 5.6364e-13
35.0 4.24708e-13
35.5 4.1116200000000003e-13
36.0 4.0376399999999997e-13
36.5 4.2462e-13
37.0 3.49746e-13
37.5 3.0672000000000003e-13
38.0 2.5253200000000003e-13
38.5 2.41492e-13
39.0 2.2238400000000002e-13
39.5 2.31326e-13
40.0 1.58866e-13
40.5 1.2939040000000002e-13
41.0 1.412018e-13
41.5 1.484436e-13
42.0 1.232466e-13
42.5 1.170806e-13
43.0 9.62574e-14
43.5 7.80566e-14
44.0 8.71342e-14
44.5 9.891480000000001e-14
45.0 8.77536e-14
45.5 8.57832e-14
46.0 7.9721e-14
46.5 3.8308000000000003e-14
47.0 4.5738e-14
47.5 6.42304e-14
48.0 5.78376e-14
48.5 3.75954e-14
49.0 4.1431200000000005e-14
49.5 2.72782e-14
50.0 2.20312e-14
50.5 4.96746e-14
51.0 3.7524e-14
51.5 3.27696e-14
52.0 3.92e-14
52.5 2.3898800000000003e-14
53.0 2.16502e-14
53.5 2.3513200000000003e-14
54.0 1.823564e-14
54.5 2.0767200000000002e-14
55.0 1.6226120000000002e-14
55.5 1.1839960000000001e-14
56.0 1.7792440000000002e-14
56.5 1.024884e-14
57.0 1.065222e-14
57.5 3.5118800000000006e-15
58.0 7.37958e-15
58.5 8.88606e-15
59.0 9.75132e-15
59.5 8.62626e-15
60.0 6.74942e-15
60.5 9.67386e-15
61.0 7.75784e-15
61.5 1.668522e-15
62.0 7.96554e-15
62.5 3.35584e-15
63.0 5.51366e-15
63.5 1.5281500000000002e-15
64.0 8.75784e-16
64.5 5.0770200000000006e-15
65.0 2.45046e-15
65.5 3.2007e-15
66.0 7.9866e-16
66.5 2.4675200000000003e-15
67.0 3.2483200000000003e-15
67.5 2.41964e-15
68.0 3.94836e-15
68.5 3.1271000000000003e-15
69.0 2.29866e-15
69.5 1.537348e-15
70.0 1.533792e-15
70.5 1.5021440000000003e-15
71.0 7.47792e-16
71.5 1.4987860000000002e-15
72.0 1.444336e-15
72.5 0.0
73.0 0.0
73.5 7.2699e-16
74.0 2.1413000000000003e-15
74.5 2.13238e-15
75.0 2.83422e-15
75.5 7.07142e-16
76.0 2.10484e-15
76.5 0.0
77.0 6.93092e-16
77.5 1.38098e-15
78.0 0.0
78.5 0.0
79.0 6.77576e-16
79.5 0.0
80.0 6.690540000000001e-16
80.5 6.6482e-16
81.0 0.0
81.5 6.58098e-16
82.0 1.3045520000000001e-15
82.5 0.0
83.0 0.0
83.5 0.0
84.0 1.9096760000000002e-15
84.5 6.305040000000001e-16
85.0 0.0
85.5 1.2478540000000002e-15
86.0 6.1975e-16
86.5 1.232766e-15
87.0 3.06528e-15
87.5 6.1086e-16
88.0 1.213782e-15
88.5 6.015879999999999e-16
89.0 0.0
89.5 1.190108e-15
90.0 0.0
90.5 1.7635720000000002e-15
91.0 0.0
91.5 0.0
92.0 0.0
92.5 0.0
93.0 0.0
93.5 0.0
94.0 0.0
94.5 0.0
95.0 0.0
95.5 0.0
96.0 0.0
96.5 0.0
97.0 0.0
97.5 0.0
98.0 0.0
98.5 0.0
99.0 0.0
99.5 0.0
