0.0 1.256948e-11
0.5 3.52604e-11
1.0 5.44874e-11
1.5 6.4494e-11
2.0 6.77934e-11
2.5 6.67438e-11
3.0 6.140100000000001e-11
3.5 5.0041e-11
4.0 4.21406e-11
4.5 3.25778e-11
5.0 2.9531800000000005e-11
5.5 2.1384400000000002e-11
6.0 1.5502900000000002e-11
6.5 1.3638980000000002e-11
7.0 9.166080000000001e-12
7.5 7.34154e-12
8.0 6.586240000000001e-12
8.5 5.05592e-12
9.0 4.1543e-12
9.5 3.88632e-12
10.0 4.5007e-12
10.5 3.47946e-12
11.0 3.02578e-12
11.5 2.4481e-12
12.0 2.27202e-12
12.5 2.10068e-12
13.0 2.22186e-12
13.5 2.3360600000000004e-12
14.0 1.644438e-12
14.5 1.828816e-12
15.0 1.7181480000000002e-12
15.5 1.367306e-12
16.0 1.166644e-12
16.5 9.74738e-13
17.0 1.2881e-12
17.5 1.0075980000000001e-12
18.0 8.266860000000001e-13
18.5 1.025124e-12
19.0 8.96352e-13
19.5 7.23686e-13
20.0 7.42878e-13
20.5 6.05838e-13
21.0 6.98944e-13
21.5 5.89572e-13
22.0 5.61132e-13
22.5 6.4908e-13
23.0 5.73148e-13
23.5 6.3789e-13
24.0 4.74182e-13
24.5 6.832560000000001e-13
25.0 3.85232e-13
25.5 3.7164e-13
26.0 4.3794e-13
26.5 5.156880000000001e-13
27.0 3.1405600000000004e-13
27.5 3.2030400000000005e-13
28.0 2.8919600000000003e-13
28.5 2.5468e-13
29.0 2.0271000000000003e-13
29.5 3.14246e-13
30.0 2.4587000000000004e-13
30.5 2.59e-13
31.0 1.730124e-13
31.5 2.47042e-13
32.0 2.0312200000000002e-13
32.5 2.1231800000000003e-13
33.0 2.7934600000000003e-13
33.5 2.25618e-13
34.0 2.2997e-13
34.5 1.48408e-13
35.0 1.811624e-13
35.5 1.8359520000000003e-13
36.0 1.3498900000000002e-13
36.5 5.1152200000000003e-14
37.0 1.325358e-13
37.5 8.314820000000001e-14
38.0 8.34216e-14
38.5 9.90846e-14
39.0 1.14815e-13
39.5 5.5089000000000005e-14
40.0 2.13332e-14
40.5 7.236700000000001e-14
41.0 6.7986e-14
41.5 5.6508800000000005e-14
42.0 3.8439e-14
42.5 2.26432e-14
43.0 5.88642e-14
43.5 6.2273e-14
44.0 3.84454e-14
44.5 3.24974e-14
45.0 4.8124400000000004e-14
45.5 9.61458e-15
46.0 9.03528e-14
46.5 3.0394400000000007e-14
47.0 4.5303800000000004e-14
47.5 1.452772e-14
48.0 2.0139200000000002e-14
48.5 1.816024e-14
49.0 4.88996e-15
49.5 4.533400000000001e-15
50.0 2.00918e-14
50.5 4.6905800000000006e-15
51.0 9.61272e-15
51.5 9.415000000000002e-15
52.0 0.0
52.5 0.0
53.0 0.0
53.5 0.0
54.0 1.43182e-14
54.5 0.0
55.0 4.4509400000000005e-15
55.5 8.87368e-15
56.0 4.32876e-15
56.5 0.0
57.0 0.0
57.5 1.353722e-14
58.0 4.28454e-15
58.5 0.0
59.0 0.0
59.5 0.0
60.0 0.0
60.5 0.0
61.0 0.0
61.5 0.0
62.0 4.01072e-15
62.5 0.0
63.0 4.2213600000000004e-15
63.5 0.0
64.0 0.0
64.5 0.0
65.0 0.0
65.5 0.0
66.0 0.0
66.5 0.0
67.0 0.0
67.5 0.0
68.0 0.0
68.5 0.0
69.0 0.0
69.5 0.0
70.0 0.0
70.5 0.0
71.0 0.0
71.5 0.0
72.0 0.0
72.5 0.0
73.0 0.0
73.5 0.0
74.0 0.0
74.5 0.0
75.0 0.0
75.5 0.0
76.0 0.0
76.5 0.0
77.0 0.0
77.5 0.0
78.0 0.0
78.5 0.0
79.0 0.0
79.5 0.0
80.0 0.0
80.5 0.0
81.0 0.0
81.5 0.0
82.0 0.0
82.5 0.0
83.0 0.0
83.5 0.0
84.0 0.0
84.5 0.0
85.0 0.0
85.5 0.0
86.0 0.0
86.5 0.0
87.0 0.0
87.5 0.0
88.0 0.0
88.5 0.0
89.0 0.0
89.5 0.0
90.0 0.0
90.5 0.0
91.0 0.0
91.5 0.0
92.0 0.0
92.5 0.0
93.0 0.0
93.5 0.0
94.0 0.0
94.5 0.0
95.0 0.0
95.5 0.0
96.0 0.0
96.5 0.0
97.0 0.0
97.5 0.0
98.0 0.0
98.5 0.0
99.0 0.0
99.5 0.0
