0.0 2.52046e-10
0.5 3.3884000000000004e-10
1.0 3.55464e-10
1.5 3.7612600000000004e-10
2.0 3.80378e-10
2.5 3.91724e-10
3.0 3.8002000000000005e-10
3.5 3.63328e-10
4.0 3.4505800000000003e-10
4.5 3.3014400000000004e-10
5.0 3.2852200000000004e-10
5.5 3.4028e-10
6.0 3.4960200000000003e-10
6.5 3.60448e-10
7.0 3.51146e-10
7.5 3.45644e-10
8.0 3.3075800000000004e-10
8.5 3.14044e-10
9.0 2.941e-10
9.5 2.7329400000000003e-10
10.0 2.554e-10
10.5 2.3436e-10
11.0 2.1657599999999998e-10
11.5 1.9957939999999999e-10
12.0 1.83737e-10
12.5 1.6643820000000002e-10
13.0 1.520404e-10
13.5 1.353372e-10
14.0 1.285126e-10
14.5 1.14775e-10
15.0 1.07063e-10
15.5 9.581040000000001e-11
16.0 8.893040000000001e-11
16.5 7.945820000000001e-11
17.0 7.31618e-11
17.5 6.59824e-11
18.0 6.2296e-11
18.5 5.690100000000001e-11
19.0 5.27494e-11
19.5 4.7886400000000005e-11
20.0 4.4261200000000005e-11
20.5 3.9805200000000004e-11
21.0 3.69246e-11
21.5 3.31918e-11
22.0 3.10418e-11
22.5 2.7789800000000003e-11
23.0 2.5843400000000003e-11
23.5 2.26692e-11
24.0 2.1620800000000002e-11
24.5 1.923736e-11
25.0 1.76587e-11
25.5 1.539224e-11
26.0 1.463942e-11
26.5 1.316336e-11
27.0 1.326884e-11
27.5 1.2760000000000001e-11
28.0 1.279538e-11
28.5 1.155154e-11
29.0 1.185144e-11
29.5 1.101022e-11
30.0 1.0419280000000001e-11
30.5 1.059156e-11
31.0 1.01568e-11
31.5 9.386900000000002e-12
32.0 9.14156e-12
32.5 9.110780000000001e-12
33.0 8.73238e-12
33.5 8.2927e-12
34.0 8.21766e-12
34.5 8.17148e-12
35.0 7.86504e-12
35.5 8.25266e-12
36.0 8.27066e-12
36.5 8.49278e-12
37.0 8.23898e-12
37.5 8.58896e-12
38.0 8.599860000000001e-12
38.5 8.41814e-12
39.0 8.968759999999999e-12
39.5 9.01062e-12
40.0 8.6512e-12
40.5 8.57206e-12
41.0 8.68828e-12
41.5 8.28928e-12
42.0 8.136080000000001e-12
42.5 7.660420000000001e-12
43.0 8.03928e-12
43.5 7.14576e-12
44.0 7.64996e-12
44.5 7.34324e-12
45.0 6.65054e-12
45.5 6.6773e-12
46.0 6.46184e-12
46.5 6.040280000000001e-12
47.0 5.957500000000001e-12
47.5 5.82302e-12
48.0 5.41488e-12
48.5 5.2195e-12
49.0 4.95912e-12
49.5 4.94568e-12
50.0 4.507800000000001e-12
50.5 4.218940000000001e-12
51.0 3.9826000000000004e-12
51.5 3.8243e-12
52.0 3.23916e-12
52.5 3.28762e-12
53.0 2.92616e-12
53.5 3.0112800000000005e-12
54.0 2.43918e-12
54.5 2.4219e-12
55.0 2.0698000000000003e-12
55.5 1.954152e-12
56.0 1.7633500000000002e-12
56.5 1.512182e-12
57.0 1.206398e-12
57.5 1.2256939999999999e-12
58.0 1.03373e-12
58.5 9.89748e-13
59.0 9.013160000000002e-13
59.5 1.02574e-12
60.0 9.54262e-13
60.5 8.12934e-13
61.0 7.70452e-13
61.5 7.542280000000001e-13
62.0 7.537780000000001e-13
62.5 6.91908e-13
63.0 6.36338e-13
63.5 6.19462e-13
64.0 5.69206e-13
64.5 5.6989e-13
65.0 5.083460000000001e-13
65.5 4.554219999999999e-13
66.0 4.589500000000001e-13
66.5 4.29364e-13
67.0 4.3778800000000005e-13
67.5 3.61662e-13
68.0 3.56876e-13
68.5 3.6055600000000004e-13
69.0 3.0163e-13
69.5 3.30996e-13
70.0 2.64072e-13
70.5 2.71198e-13
71.0 2.53962e-13
71.5 2.74132e-13
72.0 2.40254e-13
72.5 2.33202e-13
73.0 1.522312e-13
73.5 1.85094e-13
74.0 1.475088e-13
74.5 1.729206e-13
75.0 1.9810740000000001e-13
75.5 1.4847280000000002e-13
76.0 1.173678e-13
76.5 1.049164e-13
77.0 1.244396e-13
77.5 1.134496e-13
78.0 1.1082360000000001e-13
78.5 9.6011e-14
79.0 7.309700000000001e-14
79.5 8.45268e-14
80.0 7.05106e-14
80.5 8.77034e-14
81.0 5.87512e-14
81.5 5.73434e-14
82.0 7.56138e-14
82.5 6.98962e-14
83.0 6.08726e-14
83.5 5.890960000000001e-14
84.0 3.79778e-14
84.5 4.02868e-14
85.0 3.89444e-14
85.5 2.91526e-14
86.0 2.5945600000000003e-14
86.5 2.6195199999999998e-14
87.0 2.6079200000000003e-14
87.5 2.7440200000000003e-14
88.0 3.2461e-14
88.5 2.16294e-14
89.0 2.80992e-14
89.5 1.4684760000000002e-14
90.0 1.0596280000000001e-14
90.5 1.708626e-14
91.0 1.4321680000000003e-14
91.5 1.5612560000000002e-14
92.0 1.4232860000000002e-14
92.5 1.181518e-14
93.0 1.0239400000000001e-14
93.5 1.026956e-14
94.0 1.013484e-14
94.5 7.40758e-15
95.0 8.712280000000001e-15
95.5 3.78198e-15
96.0 5.02688e-15
96.5 2.49766e-15
97.0 1.246142e-15
97.5 0.0
98.0 1.252426e-15
98.5 0.0
99.0 0.0
99.5 0.0
