0.0 3.5238000000000004e-12
0.5 4.8936e-12
1.0 4.9414399999999996e-12
1.5 5.79362e-12
2.0 5.2251800000000006e-12
2.5 4.89888e-12
3.0 4.96858e-12
3.5 4.86352e-12
4.0 4.2103200000000006e-12
4.5 5.2167000000000006e-12
5.0 4.37232e-12
5.5 4.33354e-12
6.0 5.15228e-12
6.5 5.01378e-12
7.0 4.2372600000000005e-12
7.5 4.12848e-12
8.0 3.7133e-12
8.5 3.72404e-12
9.0 3.91182e-12
9.5 3.5286399999999998e-12
10.0 3.75224e-12
10.5 3.3853800000000003e-12
11.0 3.1662200000000002e-12
11.5 2.79174e-12
12.0 2.76518e-12
12.5 2.8174800000000002e-12
13.0 2.63276e-12
13.5 2.7574e-12
14.0 2.31646e-12
14.5 2.24526e-12
15.0 2.13366e-12
15.5 1.985552e-12
16.0 1.868846e-12
16.5 2.2583e-12
17.0 1.960272e-12
17.5 1.8137100000000002e-12
18.0 1.77298e-12
18.5 1.672172e-12
19.0 1.711292e-12
19.5 1.7227940000000003e-12
20.0 1.5137400000000002e-12
20.5 1.288024e-12
21.0 1.1734180000000001e-12
21.5 1.3446780000000001e-12
22.0 1.3468540000000001e-12
22.5 1.1226760000000001e-12
23.0 1.497852e-12
23.5 1.117084e-12
24.0 1.055456e-12
24.5 1.00486e-12
25.0 1.0439800000000002e-12
25.5 9.46874e-13
26.0 8.994320000000001e-13
26.5 8.59108e-13
27.0 6.78644e-13
27.5 8.53628e-13
28.0 9.26278e-13
28.5 9.968140000000002e-13
29.0 6.230880000000001e-13
29.5 7.986600000000001e-13
30.0 7.056100000000001e-13
30.5 6.34974e-13
31.0 6.29566e-13
31.5 7.779660000000001e-13
32.0 5.646440000000001e-13
32.5 5.92692e-13
33.0 5.69206e-13
33.5 5.727980000000001e-13
34.0 3.59534e-13
34.5 5.85742e-13
35.0 4.06776e-13
35.5 3.90104e-13
36.0 4.27084e-13
36.5 2.87962e-13
37.0 4.00516e-13
37.5 2.33144e-13
38.0 2.96786e-13
38.5 2.51506e-13
39.0 2.17992e-13
39.5 2.06612e-13
40.0 2.0867800000000003e-13
40.5 1.912422e-13
41.0 2.0804200000000003e-13
41.5 1.422648e-13
42.0 1.0943960000000001e-13
42.5 2.12378e-13
43.0 8.10288e-14
43.5 8.63876e-14
44.0 7.30624e-14
44.5 7.24572e-14
45.0 4.34058e-14
45.5 4.5603e-14
46.0 6.922560000000001e-14
46.5 9.87886e-14
47.0 4.2750600000000006e-14
47.5 6.63934e-14
48.0 2.73392e-14
48.5 3.2645200000000004e-14
49.0 2.96752e-14
49.5 2.90078e-14
50.0 2.93858e-14
50.5 3.6395000000000005e-14
51.0 2.76982e-14
51.5 2.56616e-14
52.0 1.7975320000000003e-14
52.5 1.358774e-14
53.0 1.3489980000000002e-14
53.5 1.756148e-14
54.0 2.01816e-14
54.5 1.6259400000000002e-14
55.0 1.575814e-14
55.5 1.913536e-14
56.0 2.4149000000000003e-14
56.5 6.04344e-15
57.0 2.3565200000000004e-14
57.5 2.42368e-14
58.0 1.494162e-14
58.5 1.0816120000000001e-14
59.0 1.3079880000000002e-14
59.5 1.2445500000000002e-14
60.0 1.0446640000000001e-14
60.5 1.5399300000000002e-14
61.0 1.2748739999999999e-14
61.5 3.72404e-15
62.0 9.57492e-15
62.5 1.656088e-15
63.0 1.6458580000000002e-15
63.5 3.5107800000000002e-15
64.0 0.0
64.5 7.3937e-15
65.0 1.882452e-15
65.5 5.19176e-15
66.0 1.80195e-15
66.5 3.55822e-15
67.0 3.53594e-15
67.5 0.0
68.0 1.74105e-15
68.5 5.231960000000001e-15
69.0 0.0
69.5 0.0
70.0 0.0
70.5 0.0
71.0 0.0
71.5 0.0
72.0 0.0
72.5 0.0
73.0 0.0
73.5 1.65668e-15
74.0 0.0
74.5 0.0
75.0 0.0
75.5 0.0
76.0 0.0
76.5 0.0
77.0 0.0
77.5 0.0
78.0 0.0
78.5 0.0
79.0 0.0
79.5 0.0
80.0 0.0
80.5 0.0
81.0 0.0
81.5 0.0
82.0 0.0
82.5 0.0
83.0 0.0
83.5 0.0
84.0 0.0
84.5 0.0
85.0 0.0
85.5 0.0
86.0 0.0
86.5 0.0
87.0 0.0
87.5 0.0
88.0 0.0
88.5 0.0
89.0 0.0
89.5 0.0
90.0 0.0
90.5 0.0
91.0 0.0
91.5 0.0
92.0 0.0
92.5 0.0
93.0 0.0
93.5 0.0
94.0 0.0
94.5 0.0
95.0 0.0
95.5 0.0
96.0 0.0
96.5 0.0
97.0 0.0
97.5 0.0
98.0 0.0
98.5 0.0
99.0 0.0
99.5 0.0
