0.0 4.65728e-10
0.5 1.2512379999999999e-09
1.0 3.20004e-09
1.5 4.59e-09
2.0 5.98632e-09
2.5 7.23434e-09
3.0 7.289060000000001e-09
3.5 5.64968e-09
4.0 3.2437800000000006e-09
4.5 1.672408e-09
5.0 9.90884e-10
5.5 6.781720000000001e-10
6.0 5.131700000000001e-10
6.5 4.17568e-10
7.0 3.4914400000000003e-10
7.5 2.9201e-10
8.0 2.4672e-10
8.5 2.1598200000000003e-10
9.0 1.934872e-10
9.5 1.74024e-10
10.0 1.484776e-10
10.5 1.361814e-10
11.0 1.2225820000000002e-10
11.5 1.1157260000000001e-10
12.0 9.976260000000001e-11
12.5 9.166300000000001e-11
13.0 8.3496e-11
13.5 7.33936e-11
14.0 6.63378e-11
14.5 5.91622e-11
15.0 5.3559799999999995e-11
15.5 4.9393800000000006e-11
16.0 4.4559800000000006e-11
16.5 3.95796e-11
17.0 3.60776e-11
17.5 3.2254e-11
18.0 2.9340000000000005e-11
18.5 2.5796400000000003e-11
19.0 2.4064400000000002e-11
19.5 2.1565600000000003e-11
20.0 1.980894e-11
20.5 1.7696940000000002e-11
21.0 1.550956e-11
21.5 1.425134e-11
22.0 1.3003999999999999e-11
22.5 1.2279800000000001e-11
23.0 1.1350120000000001e-11
23.5 9.44826e-12
24.0 9.01468e-12
24.5 7.91358e-12
25.0 7.98156e-12
25.5 6.919820000000001e-12
26.0 6.0959800000000004e-12
26.5 5.973580000000001e-12
27.0 6.14216e-12
27.5 5.4675e-12
28.0 4.9045e-12
28.5 4.26068e-12
29.0 4.20098e-12
29.5 3.56418e-12
30.0 3.5304600000000003e-12
30.5 3.1834e-12
31.0 3.1202200000000002e-12
31.5 2.7657200000000005e-12
32.0 2.6527800000000003e-12
32.5 2.56822e-12
33.0 2.40798e-12
33.5 2.44236e-12
34.0 2.11764e-12
34.5 2.27428e-12
35.0 1.9621260000000004e-12
35.5 1.7017180000000002e-12
36.0 1.599438e-12
36.5 1.559242e-12
37.0 1.3371860000000002e-12
37.5 1.2542600000000002e-12
38.0 1.243302e-12
38.5 1.0905460000000001e-12
39.0 9.99456e-13
39.5 8.68784e-13
40.0 8.13694e-13
40.5 8.175720000000001e-13
41.0 7.644359999999999e-13
41.5 7.781540000000001e-13
42.0 7.897480000000001e-13
42.5 7.501379999999999e-13
43.0 7.35578e-13
43.5 5.10358e-13
44.0 6.59156e-13
44.5 5.59534e-13
45.0 4.88378e-13
45.5 4.7318e-13
46.0 5.382240000000001e-13
46.5 5.08822e-13
47.0 4.48618e-13
47.5 4.3767599999999997e-13
48.0 3.9144e-13
48.5 3.23586e-13
49.0 3.1959600000000003e-13
49.5 3.48148e-13
50.0 4.0416400000000005e-13
50.5 3.6998e-13
51.0 3.21502e-13
51.5 2.72796e-13
52.0 2.86862e-13
52.5 2.31778e-13
53.0 2.9079400000000005e-13
53.5 2.79258e-13
54.0 2.64336e-13
54.5 2.42244e-13
55.0 2.02812e-13
55.5 2.0858e-13
56.0 2.23054e-13
56.5 1.7486580000000002e-13
57.0 1.597584e-13
57.5 1.5132440000000002e-13
58.0 1.6388640000000001e-13
58.5 9.15762e-14
59.0 1.0517540000000001e-13
59.5 8.70374e-14
60.0 1.0851400000000001e-13
60.5 2.2716600000000002e-13
61.0 5.782140000000001e-14
61.5 8.68814e-14
62.0 6.93106e-14
62.5 8.761720000000001e-14
63.0 6.5572e-14
63.5 7.50518e-14
64.0 4.4580000000000004e-14
64.5 6.235300000000001e-14
65.0 5.14672e-14
65.5 3.78654e-14
66.0 3.6888400000000005e-14
66.5 7.59304e-14
67.0 2.5984800000000004e-14
67.5 2.83572e-14
68.0 2.9373e-14
68.5 1.85365e-14
69.0 2.1909000000000002e-14
69.5 6.828120000000001e-15
70.0 3.57272e-14
70.5 2.10832e-14
71.0 2.0183800000000003e-14
71.5 2.0725800000000002e-14
72.0 1.038716e-14
72.5 1.68956e-14
73.0 1.964206e-14
73.5 2.0221800000000002e-14
74.0 6.6181800000000006e-15
74.5 1.307464e-14
75.0 1.572796e-14
75.5 9.4381e-15
76.0 3.2355000000000002e-15
76.5 0.0
77.0 3.27658e-15
77.5 0.0
78.0 9.8692e-15
78.5 6.48392e-15
79.0 0.0
79.5 3.0162800000000006e-15
80.0 0.0
80.5 6.294260000000001e-15
81.0 0.0
81.5 0.0
82.0 0.0
82.5 0.0
83.0 0.0
83.5 0.0
84.0 3.0348800000000005e-15
84.5 3.01656e-15
85.0 0.0
85.5 0.0
86.0 0.0
86.5 0.0
87.0 0.0
87.5 0.0
88.0 2.6929200000000004e-15
88.5 2.87322e-15
89.0 0.0
89.5 2.6442e-15
90.0 0.0
90.5 2.81486e-15
91.0 0.0
91.5 0.0
92.0 0.0
92.5 0.0
93.0 0.0
93.5 0.0
94.0 0.0
94.5 0.0
95.0 0.0
95.5 0.0
96.0 0.0
96.5 0.0
97.0 0.0
97.5 0.0
98.0 0.0
98.5 0.0
99.0 0.0
99.5 0.0
