0.105526651 4.79729518e-10
0.381250576 5.991460839999999e-10
0.501409675 6.354912049999999e-10
0.502188308 1.06841068e-09
0.692542076 1.04910565e-09
0.749135164 8.988627919999999e-10
0.864311018 7.83037589e-10
1.04554132 7.342864019999999e-10
1.268164 7.876976289999999e-10
1.42750971 1.00905162e-09
1.54102462 1.2789998199999998e-09
1.64043684 1.5633974099999998e-09
1.77262214 1.7400205599999998e-09
1.80591234 1.91977e-09
1.85582559 2.1771417099999997e-09
1.90563601 2.3773353799999997e-09
1.9059886 2.57337438e-09
1.95593124 2.8470826799999996e-09
2.05539048 3.15761881e-09
2.10525967 3.39048564e-09
2.10561225 3.58652465e-09
2.15556224 3.864317089999999e-09
2.20545346 4.1094363699999996e-09
2.20580605 4.305475369999999e-09
2.25574869 4.5791836699999995e-09
2.35517855 4.87338321e-09
2.40501835 5.089913459999999e-09
2.40537094 5.2859524699999996e-09
2.40572352 5.481991469999999e-09
2.40607611 5.6780304800000006e-09
2.45601141 5.947654629999999e-09
2.50585856 6.16826903e-09
2.50621114 6.364308029999999e-09
2.55615379 6.638016329999999e-09
2.60611112 6.9198929199999995e-09
2.65605376 7.193601209999999e-09
2.70595233 7.442804639999999e-09
2.70630491 7.638843639999999e-09
2.75624755 7.912551940000002e-09
2.85575821 8.25167709e-09
2.90545845 8.390608569999999e-09
2.97192131 8.684761100000001e-09
3.02184192 8.94621696e-09
3.0221945 9.14225596e-09
3.02254709 9.33829497e-09
3.05595482 9.583390729999999e-09
3.17185642 9.871079149999999e-09
3.38457536 1.03096686e-08
3.42044281 1.06131126e-08
3.47037516 1.08811031e-08
3.59432385 1.10605734e-08
3.76728376 1.09958823e-08
3.86658433 1.12182009e-08
3.91629926 1.13653007e-08
3.91665185 1.1561339700000001e-08
3.9665607 1.18162609e-08
4.06600231 1.21169951e-08
4.19814451 1.22696579e-08
4.28094885 1.24848738e-08
4.41293435 1.2550408200000001e-08
4.41338977 1.28036252e-08
4.47971062 1.30188176e-08
4.61160307 1.30326195e-08
4.62849792 1.32613551e-08
4.62885051 1.3457394200000001e-08
4.67877846 1.3722934200000002e-08
4.79442002 1.3866043799999999e-08
4.82771022 1.40457932e-08
4.82806281 1.42418322e-08
4.8779981 1.45114564e-08
5.04308281 1.46505524e-08
5.20831932 1.48740541e-08
5.36365007 1.50888289e-08
5.53865523 1.52448201e-08
5.70309352 1.50245113e-08
5.8678085 1.49580387e-08
5.96712083 1.5186891900000003e-08
6.01581472 1.47662953e-08
6.01616731 1.49623344e-08
6.08588322 1.44466658e-08
6.22889548 1.4096801e-08
6.22939498 1.43745229e-08
6.31098976 1.3917216100000001e-08
6.37650651 1.3685330600000001e-08
6.42514017 1.32312441e-08
6.42549275 1.3427283100000001e-08
6.47412054 1.2969929299999999e-08
6.52296868 1.26350998e-08
6.60509723 1.2474574300000002e-08
6.63090473 1.21598604e-08
6.71966879 1.202276e-08
6.76861978 1.17451086e-08
6.81757077 1.14674572e-08
6.85237205 1.11781167e-08
6.91476756 1.05200764e-08
6.91512015 1.07161154e-08
6.91547274 1.09121544e-08
6.94956885 1.0230735800000001e-08
7.06209652 9.95177482e-09
7.11061558 9.433975629999999e-09
7.11110039 9.70352927e-09
7.19274413 9.27345009e-09
7.208826069999998 9.050206949999999e-09
7.21822254 8.775766449999998e-09
7.30702187 8.658269970000001e-09
7.31641834 8.383829470000002e-09
7.40486018 8.06757123e-09
7.4052397 8.278585439999999e-09
7.4340104 7.77845601e-09
7.51913302 7.449668349999999e-09
7.5194856 7.645707360000001e-09
7.56804727 7.15159621e-09
7.60005199 6.61662011e-09
7.60055149 6.89434203e-09
7.73163103 6.456165079999999e-09
7.81319152 5.9797989200000005e-09
7.813544109999999 6.1758379199999995e-09
7.86214251 5.702147509999999e-09
7.960683549999999 5.502165389999999e-09
8.00970065 5.2612712999999996e-09
8.03388966 4.9631639e-09
8.132349899999998 4.71825618e-09
8.2063273 4.608090019999999e-09
8.23050162 4.301814329999999e-09
8.30396483 3.905757949999999e-09
8.30446433 4.1834798799999996e-09
8.36962458 3.753377189999999e-09
8.451647839999998 3.53431222e-09
8.550159499999998 3.31799352e-09
8.6237182 2.97503104e-09
8.747109359999998 2.84451466e-09
8.87842395 2.5370303800000003e-09
9.009949120000002 2.34662495e-09
9.10846813 2.1343904e-09
9.256434680000002 1.9205927e-09
9.40445118 1.7345671999999999e-09
9.51284265 1.5125448e-09
9.66748193 1.34286528e-09
9.84848085 1.1654635e-09
10.0624639 9.97638401e-10
10.2601238 9.18960316e-10
10.4576271 7.531537849999999e-10
10.6553115 6.880895200000001e-10
10.8529861 6.17579728e-10
11.0506705 5.525154629999999e-10
11.2483843 5.03787782e-10
11.4461716 4.95901561e-10
11.6438854 4.4717388e-10
11.8416041 4.0116896299999997e-10
12.1712201 3.7168867699999996e-10
12.3689535 3.3385205199999996e-10
12.5667456 3.28688595e-10
12.7644937 2.99020262e-10
12.9622712 2.85688512e-10
13.1600731 2.85970583e-10
13.4567173 2.53720521e-10
13.6545192 2.54002591e-10
13.8523212 2.5428466200000004e-10
14.3962178 2.22387188e-10
14.6764372 2.22786788e-10
14.8577556 2.23045353e-10
