1.074610000000000047e-16 0.000000000000000000e+00
1.240940000000000054e-16 0.000000000000000000e+00
1.433009999999999988e-16 0.000000000000000000e+00
1.654819999999999889e-16 0.000000000000000000e+00
1.910950000000000020e-16 0.000000000000000000e+00
2.206729999999999967e-16 0.000000000000000000e+00
2.548299999999999914e-16 0.000000000000000000e+00
2.942729999999999995e-16 0.000000000000000000e+00
3.398209999999999854e-16 0.000000000000000000e+00
3.924190000000000071e-16 0.000000000000000000e+00
4.531580000000000165e-16 0.000000000000000000e+00
5.232990000000000256e-16 0.000000000000000000e+00
6.042960000000000084e-16 0.000000000000000000e+00
6.978310000000000580e-16 0.000000000000000000e+00
8.058419999999999311e-16 0.000000000000000000e+00
9.305720000000000863e-16 0.000000000000000000e+00
1.074609999999999923e-15 0.000000000000000000e+00
1.240940000000000005e-15 0.000000000000000000e+00
1.433009999999999988e-15 0.000000000000000000e+00
1.654819999999999938e-15 0.000000000000000000e+00
1.910950000000000020e-15 0.000000000000000000e+00
2.206729999999999868e-15 0.000000000000000000e+00
2.548299999999999618e-15 0.000000000000000000e+00
2.942730000000000389e-15 0.000000000000000000e+00
3.398210000000000052e-15 0.000000000000000000e+00
3.924189999999999578e-15 0.000000000000000000e+00
4.531580000000000165e-15 0.000000000000000000e+00
5.232989999999999861e-15 0.000000000000000000e+00
6.042959999999999886e-15 0.000000000000000000e+00
6.978309999999999594e-15 0.000000000000000000e+00
8.058419999999999705e-15 0.000000000000000000e+00
9.305719999999999285e-15 0.000000000000000000e+00
1.074610000000000002e-14 0.000000000000000000e+00
1.240940000000000005e-14 0.000000000000000000e+00
1.433010000000000146e-14 0.000000000000000000e+00
1.654819999999999859e-14 0.000000000000000000e+00
1.910950000000000178e-14 0.000000000000000000e+00
2.206730000000000105e-14 0.000000000000000000e+00
2.548299999999999855e-14 0.000000000000000000e+00
2.942730000000000074e-14 0.000000000000000000e+00
3.398209999999999815e-14 0.000000000000000000e+00
3.924190000000000367e-14 0.000000000000000000e+00
4.531579999999999534e-14 0.000000000000000000e+00
5.232990000000000177e-14 0.000000000000000000e+00
6.042959999999999729e-14 0.000000000000000000e+00
6.978310000000000383e-14 0.000000000000000000e+00
8.058419999999999705e-14 0.000000000000000000e+00
9.305719999999999601e-14 0.000000000000000000e+00
1.074610000000000128e-13 0.000000000000000000e+00
1.240939999999999910e-13 0.000000000000000000e+00
1.433010000000000020e-13 0.000000000000000000e+00
1.654820000000000112e-13 0.000000000000000000e+00
1.910950000000000051e-13 0.000000000000000000e+00
2.206729999999999979e-13 0.000000000000000000e+00
2.548299999999999855e-13 0.000000000000000000e+00
2.942729999999999821e-13 0.000000000000000000e+00
3.398210000000000320e-13 0.000000000000000000e+00
3.924190000000000367e-13 0.000000000000000000e+00
4.531580000000000165e-13 0.000000000000000000e+00
5.232989999999999293e-13 0.000000000000000000e+00
6.042960000000000738e-13 0.000000000000000000e+00
6.978310000000000383e-13 0.000000000000000000e+00
8.058419999999999705e-13 0.000000000000000000e+00
9.305719999999998843e-13 0.000000000000000000e+00
1.074610000000000002e-12 0.000000000000000000e+00
1.240939999999999961e-12 0.000000000000000000e+00
1.433009999999999970e-12 0.000000000000000000e+00
1.654820000000000011e-12 0.000000000000000000e+00
1.910950000000000051e-12 0.000000000000000000e+00
2.206730000000000231e-12 0.000000000000000000e+00
2.548299999999999956e-12 0.000000000000000000e+00
2.942730000000000326e-12 0.000000000000000000e+00
3.398209999999999916e-12 0.000000000000000000e+00
3.924190000000000468e-12 0.000000000000000000e+00
4.531580000000000367e-12 0.000000000000000000e+00
5.232989999999999899e-12 0.000000000000000000e+00
6.042960000000000334e-12 0.000000000000000000e+00
6.978309999999999979e-12 0.000000000000000000e+00
8.058419999999999907e-12 0.000000000000000000e+00
9.305719999999999247e-12 0.000000000000000000e+00
1.074609999999999921e-11 0.000000000000000000e+00
1.240940000000000001e-11 0.000000000000000000e+00
1.433010000000000010e-11 0.000000000000000000e+00
1.654819999999999849e-11 0.000000000000000000e+00
1.910950000000000132e-11 0.000000000000000000e+00
2.206729999999999989e-11 0.000000000000000000e+00
2.548299999999999875e-11 0.000000000000000000e+00
2.942730000000000084e-11 0.000000000000000000e+00
3.398209999999999916e-11 0.000000000000000000e+00
3.924190000000000306e-11 0.000000000000000000e+00
4.531580000000000367e-11 0.000000000000000000e+00
5.232989999999999576e-11 0.000000000000000000e+00
6.042959999999999365e-11 0.000000000000000000e+00
6.978309999999999656e-11 0.000000000000000000e+00
8.058419999999998938e-11 0.000000000000000000e+00
9.305720000000001186e-11 0.000000000000000000e+00
1.074610000000000051e-10 0.000000000000000000e+00
1.240939999999999904e-10 0.000000000000000000e+00
1.433010000000000204e-10 0.000000000000000000e+00
1.654819999999999979e-10 0.000000000000000000e+00
1.910949999999999744e-10 0.000000000000000000e+00
2.206729999999999989e-10 0.000000000000000000e+00
2.548299999999999875e-10 0.000000000000000000e+00
2.942729999999999825e-10 0.000000000000000000e+00
3.398209999999999787e-10 0.000000000000000000e+00
3.924190000000000177e-10 0.000000000000000000e+00
4.531579999999999979e-10 0.000000000000000000e+00
5.232989999999999318e-10 0.000000000000000000e+00
6.042960000000000399e-10 0.000000000000000000e+00
6.978309999999999656e-10 0.000000000000000000e+00
8.058419999999999972e-10 0.000000000000000000e+00
9.305719999999999377e-10 0.000000000000000000e+00
1.074610000000000077e-09 0.000000000000000000e+00
1.240939999999999853e-09 0.000000000000000000e+00
1.433009999999999997e-09 0.000000000000000000e+00
1.654819999999999875e-09 0.000000000000000000e+00
1.910949999999999900e-09 0.000000000000000000e+00
2.206729999999999885e-09 0.000000000000000000e+00
2.548299999999999979e-09 0.000000000000000000e+00
2.942730000000000239e-09 0.000000000000000000e+00
3.398209999999999994e-09 0.000000000000000000e+00
3.924189999999999453e-09 0.000000000000000000e+00
4.531579999999999772e-09 0.000000000000000000e+00
5.232989999999999731e-09 0.000000000000000000e+00
6.042959999999999572e-09 0.000000000000000000e+00
6.978309999999999242e-09 0.000000000000000000e+00
8.058419999999999972e-09 0.000000000000000000e+00
9.305720000000000824e-09 0.000000000000000000e+00
1.074609999999999952e-08 0.000000000000000000e+00
1.240939999999999894e-08 0.000000000000000000e+00
1.433010000000000038e-08 0.000000000000000000e+00
1.654820000000000123e-08 0.000000000000000000e+00
1.910949999999999982e-08 0.000000000000000000e+00
2.206729999999999803e-08 0.000000000000000000e+00
2.548300000000000061e-08 0.000000000000000000e+00
2.942729999999999908e-08 0.000000000000000000e+00
3.398210000000000490e-08 0.000000000000000000e+00
3.924190000000000280e-08 0.000000000000000000e+00
4.531580000000000268e-08 0.000000000000000000e+00
5.232990000000000062e-08 0.000000000000000000e+00
6.042959999999999737e-08 0.000000000000000000e+00
6.978310000000000235e-08 0.000000000000000000e+00
8.058419999999999972e-08 0.000000000000000000e+00
9.305719999999999501e-08 0.000000000000000000e+00
1.074609999999999986e-07 0.000000000000000000e+00
1.240939999999999993e-07 0.000000000000000000e+00
1.433009999999999939e-07 0.000000000000000000e+00
1.654819999999999991e-07 0.000000000000000000e+00
1.910950000000000048e-07 0.000000000000000000e+00
2.206730000000000067e-07 0.000000000000000000e+00
2.548300000000000127e-07 0.000000000000000000e+00
2.942730000000000305e-07 0.000000000000000000e+00
3.398210000000000093e-07 0.000000000000000000e+00
3.924189999999999883e-07 0.000000000000000000e+00
4.531580000000000136e-07 0.000000000000000000e+00
5.232990000000000062e-07 0.000000000000000000e+00
6.042960000000000796e-07 0.000000000000000000e+00
6.978310000000000235e-07 0.000000000000000000e+00
8.058419999999999707e-07 0.000000000000000000e+00
9.305720000000000030e-07 0.000000000000000000e+00
1.074609999999999906e-06 0.000000000000000000e+00
1.240940000000000099e-06 0.000000000000000000e+00
1.433009999999999939e-06 0.000000000000000000e+00
1.654819999999999938e-06 0.000000000000000000e+00
1.910949999999999890e-06 0.000000000000000000e+00
2.206729999999999961e-06 0.000000000000000000e+00
2.548300000000000233e-06 0.000000000000000000e+00
2.942730000000000199e-06 0.000000000000000000e+00
3.398210000000000199e-06 0.000000000000000000e+00
3.924189999999999777e-06 0.000000000000000000e+00
4.531580000000000242e-06 0.000000000000000000e+00
5.232989999999999850e-06 0.000000000000000000e+00
6.042960000000000161e-06 0.000000000000000000e+00
6.978310000000000447e-06 0.000000000000000000e+00
8.058420000000000342e-06 0.000000000000000000e+00
9.305719999999999395e-06 0.000000000000000000e+00
1.074610000000000033e-05 0.000000000000000000e+00
1.240940000000000015e-05 0.000000000000000000e+00
1.433010000000000024e-05 0.000000000000000000e+00
1.654820000000000192e-05 0.000000000000000000e+00
1.910950000000000059e-05 0.000000000000000000e+00
2.206729999999999792e-05 0.000000000000000000e+00
2.548299999999999979e-05 0.000000000000000000e+00
2.942729999999999860e-05 0.000000000000000000e+00
3.398210000000000114e-05 0.000000000000000000e+00
3.924190000000000116e-05 0.000000000000000000e+00
4.531580000000000411e-05 0.000000000000000000e+00
5.232990000000000189e-05 0.000000000000000000e+00
6.042960000000000161e-05 0.000000000000000000e+00
6.978309999999999938e-05 0.000000000000000000e+00
8.058420000000000004e-05 0.000000000000000000e+00
9.305720000000000072e-05 0.000000000000000000e+00
1.074610000000000067e-04 0.000000000000000000e+00
1.240939999999999947e-04 0.000000000000000000e+00
1.433010000000000024e-04 0.000000000000000000e+00
1.654819999999999989e-04 0.000000000000000000e+00
1.910950000000000127e-04 0.000000000000000000e+00
2.206730000000000063e-04 0.000000000000000000e+00
2.548299999999999979e-04 0.000000000000000000e+00
2.942730000000000064e-04 0.000000000000000000e+00
3.398210000000000250e-04 0.000000000000000000e+00
3.924190000000000252e-04 0.000000000000000000e+00
4.531580000000000005e-04 0.000000000000000000e+00
5.232989999999999647e-04 1.097120743826466490e+51
6.042960000000000432e-04 1.101845577740047043e+51
6.978309999999999938e-04 1.106572974553503775e+51
8.058419999999999733e-04 1.111298086037089009e+51
9.305719999999999530e-04 1.116025635362454939e+51
1.074609999999999932e-03 1.121754917775147297e+51
1.240940000000000055e-03 1.123284094884878266e+51
1.433009999999999970e-03 1.125207750412157597e+51
1.654819999999999989e-03 1.127651327562339213e+51
1.910950000000000018e-03 1.130977902572929728e+51
2.206730000000000063e-03 1.135222443278862634e+51
2.548299999999999871e-03 1.140711918068421334e+51
2.942730000000000172e-03 1.147813662688459221e+51
3.398210000000000033e-03 1.157584493842050000e+51
3.924190000000000143e-03 1.170149847066948405e+51
4.531580000000000330e-03 1.186254603138309628e+51
5.232989999999999864e-03 1.206641816461252251e+51
6.042959999999999998e-03 1.234019200278922296e+51
6.978309999999999721e-03 1.266711073454739233e+51
8.058420000000000166e-03 1.306077312555862664e+51
9.305719999999999964e-03 1.350927971364012737e+51
1.074609999999999975e-02 1.410927422576774473e+51
1.240939999999999925e-02 1.467632754471471086e+51
1.433010000000000013e-02 1.523350351958558824e+51
1.654819999999999902e-02 1.575710658086195486e+51
1.910950000000000149e-02 1.621845244837336915e+51
2.206730000000000150e-02 1.660827053054753428e+51
2.548299999999999871e-02 1.687595074685671683e+51
2.942729999999999999e-02 1.687701879853955832e+51
3.398210000000000119e-02 1.656482632778639000e+51
3.924190000000000317e-02 1.593217274518171461e+51
4.531580000000000330e-02 1.509211178544896585e+51
5.232989999999999864e-02 1.411778421135839352e+51
6.042959999999999998e-02 1.290974893032237063e+51
6.978310000000000068e-02 1.151775287294819834e+51
8.058419999999999472e-02 9.958393588588595600e+50
9.305720000000000658e-02 8.289482828135982835e+50
1.074610000000000010e-01 6.578068762708172905e+50
1.240939999999999960e-01 5.164033232286508749e+50
1.433010000000000117e-01 3.985820199104278279e+50
1.654819999999999902e-01 3.032612643332583678e+50
1.910949999999999871e-01 2.243714581319024588e+50
2.206730000000000080e-01 1.685191447753388818e+50
2.548300000000000010e-01 1.256534517408474949e+50
2.942730000000000068e-01 9.301796207407352617e+49
3.398209999999999842e-01 6.788682367108656779e+49
3.924190000000000178e-01 5.047906031280314214e+49
4.531580000000000052e-01 3.744972263786397866e+49
5.232989999999999586e-01 2.772787946324861282e+49
6.042960000000000553e-01 2.037873560366094133e+49
6.978309999999999791e-01 1.526124778188216523e+49
8.058419999999999472e-01 1.142145200485464766e+49
9.305719999999999548e-01 8.535539614432648873e+48
1.074610000000000065e+00 6.309954925446264946e+48
1.240939999999999932e+00 4.755511048302358771e+48
1.433009999999999895e+00 3.576375635778952757e+48
1.654819999999999958e+00 2.682859277516519741e+48
1.910949999999999926e+00 1.987019035181077302e+48
2.206729999999999858e+00 1.500701706594313235e+48
2.548299999999999788e+00 1.130460655101681838e+48
2.942730000000000068e+00 8.490650354497366853e+47
3.398210000000000175e+00 6.294809927821050345e+47
3.924189999999999845e+00 4.753136092262862400e+47
4.531579999999999941e+00 3.577262678398512748e+47
5.232990000000000030e+00 2.682590147299492993e+47
6.042959999999999887e+00 1.986891169683095799e+47
6.978309999999999569e+00 1.498139403542751235e+47
8.058419999999999916e+00 1.126759489777125526e+47
9.305720000000000880e+00 8.452422645382097635e+46
1.074610000000000021e+01 6.270145090897942665e+46
1.240939999999999976e+01 4.736970805422222730e+46
1.433009999999999984e+01 3.569899339971974529e+46
1.654820000000000135e+01 2.682525573872047037e+46
1.910950000000000060e+01 1.988136663006329268e+46
2.206729999999999947e+01 1.501695903887345104e+46
2.548300000000000054e+01 1.130868952270933760e+46
2.942729999999999890e+01 8.489357528816787753e+45
3.398210000000000264e+01 6.277950650431709241e+45
3.924190000000000111e+01 4.739987117821553585e+45
4.531580000000000297e+01 3.570153295264604949e+45
5.232990000000000208e+01 2.681736228663390455e+45
6.042960000000000065e+01 1.983736273822240075e+45
6.978310000000000457e+01 1.499405187515963606e+45
8.058419999999999561e+01 1.130567705008522942e+45
9.305719999999999459e+01 8.499964229979477573e+44
1.074609999999999985e+02 6.287027189625308083e+44
1.240939999999999941e+02 4.751457474595007095e+44
1.433009999999999877e+02 3.580671032308762253e+44
1.654819999999999993e+02 2.689437727106650871e+44
1.910949999999999989e+02 1.985640162107109390e+44
2.206730000000000018e+02 1.498267684781268170e+44
2.548300000000000125e+02 1.127036746907143494e+44
2.942730000000000246e+02 8.448191239769251528e+43
3.398210000000000264e+02 6.221149666061559570e+43
3.924189999999999827e+02 4.683490350317956519e+43
4.531580000000000155e+02 3.514254077946714948e+43
5.232989999999999782e+02 2.627040896850207066e+43
6.042960000000000491e+02 1.927833464663168382e+43
6.978310000000000173e+02 1.446827358758808674e+43
8.058419999999999845e+02 1.081944504565003069e+43
9.305720000000000027e+02 8.057977291721136890e+42
1.074609999999999900e+03 5.885800111925290649e+42
1.240940000000000055e+03 4.398770805364267306e+42
1.433009999999999991e+03 3.274448565281084005e+42
1.654819999999999936e+03 2.426548704246658262e+42
1.910950000000000045e+03 1.761416685740018077e+42
2.206730000000000018e+03 1.309027899789967611e+42
2.548300000000000182e+03 9.685142909270178804e+41
2.942730000000000018e+03 7.129729261055127347e+41
3.398210000000000036e+03 5.132427840158847540e+41
3.924190000000000055e+03 3.785986149648671217e+41
4.531579999999999927e+03 2.778630482464007419e+41
5.232989999999999782e+03 2.027614709269563963e+41
6.042960000000000036e+03 1.443523788332013221e+41
6.978310000000000400e+03 1.054444280523969451e+41
8.058420000000000073e+03 7.657213236360547058e+40
9.305719999999999345e+03 5.523629624368002416e+40
1.074610000000000036e+04 3.875192134948305466e+40
1.240939999999999964e+04 2.794671310915238694e+40
1.433010000000000036e+04 2.001557890465561460e+40
1.654820000000000073e+04 1.422313344087600736e+40
1.910950000000000000e+04 9.787447664078892332e+39
2.206729999999999927e+04 6.941718415219417165e+39
2.548300000000000000e+04 4.883062864983210097e+39
2.942729999999999927e+04 3.402952169303802873e+39
3.398209999999999854e+04 2.282719744579340198e+39
3.924190000000000146e+04 1.584445451487245830e+39
4.531580000000000291e+04 1.088919500986488765e+39
5.232990000000000146e+04 7.399626436141594488e+38
6.042959999999999854e+04 4.799449047670123556e+38
6.978310000000000582e+04 3.239698185515267865e+38
8.058419999999999709e+04 2.160642021500251089e+38
9.305719999999999709e+04 1.421271858555597654e+38
1.074610000000000000e+05 8.816488951916806927e+37
1.240940000000000000e+05 5.741114217518568269e+37
1.433010000000000000e+05 3.683718261963244739e+37
1.654820000000000000e+05 2.323817246973117430e+37
1.910950000000000000e+05 1.358396717644931767e+37
2.206730000000000000e+05 8.445049225550014076e+36
2.548300000000000000e+05 5.155656922154239647e+36
2.942730000000000000e+05 3.081994030917800147e+36
3.398210000000000000e+05 1.663129724615585168e+36
3.924190000000000000e+05 9.739155790206075219e+35
4.531580000000000000e+05 5.576497267659980532e+35
5.232990000000000000e+05 3.110428316867014412e+35
6.042960000000000000e+05 1.504747753404609388e+35
6.978310000000000000e+05 8.152824235530611614e+34
8.058420000000000000e+05 4.296332793899499197e+34
9.305720000000000000e+05 2.191125734493538942e+34
1.074610000000000000e+06 9.099526558121173694e+33
1.240940000000000000e+06 4.451654791188955357e+33
1.433010000000000000e+06 2.104692830265765333e+33
1.654820000000000000e+06 9.553060852913878614e+32
1.910950000000000000e+06 3.183710363772235589e+32
2.206730000000000000e+06 1.357952694414296340e+32
2.548300000000000000e+06 5.556994891088664091e+31
2.942730000000000000e+06 2.164992160988766785e+31
3.398210000000000000e+06 5.171793539749326927e+30
3.924190000000000000e+06 1.819510375442956890e+30
4.531580000000000000e+06 6.095369136024356490e+29
5.232990000000000000e+06 1.943284651704091345e+29
6.042960000000000000e+06 2.736107011597788329e+28
6.978310000000000000e+06 7.192894864903099030e+27
8.058420000000000000e+06 1.769410038677632457e+27
9.305720000000000000e+06 4.220466781281843524e+26
1.074610000000000000e+07 2.695903566838455775e+25
1.240940000000000000e+07 4.437701320584590682e+24
1.433010000000000000e+07 6.389530415106424559e+23
1.654820000000000000e+07 9.035159452487335805e+22
1.910950000000000000e+07 1.983654715183924773e+21
2.206730000000000000e+07 1.503927931922543411e+20
2.548300000000000000e+07 8.342540743609143296e+18
2.942730000000000000e+07 3.992803155928286720e+17
3.398210000000000000e+07 1.909853884662605250e+15
3.924190000000000000e+07 3.979249359759989844e+13
4.531580000000000000e+07 4.427655188178680420e+11
5.232990000000000000e+07 2.613457137630156040e+09
6.042960000000000000e+07 1.176670924679433694e+06
6.978310000000000000e+07 1.977458227447687023e+03
8.058420000000000000e+07 9.075974923648140180e-01
9.305720000000000000e+07 0.000000000000000000e+00
