2.500000000000000139e-02 1.009399999999999970e-13
7.500000000000001110e-02 2.312000000000000145e-13
1.250000000000000000e-01 3.410000000000000111e-13
1.749999999999999889e-01 3.058000000000000197e-13
2.250000000000000056e-01 2.003999999999999842e-13
2.750000000000000222e-01 2.078000000000000082e-13
3.249999999999999556e-01 1.932200000000000087e-13
3.750000000000000000e-01 1.998000000000000170e-13
4.250000000000000444e-01 1.942200000000000045e-13
4.749999999999999778e-01 1.876000000000000034e-13
5.250000000000000222e-01 1.809800000000000023e-13
5.749999999999999556e-01 1.859599999999999972e-13
6.250000000000000000e-01 1.668000000000000062e-13
6.750000000000000444e-01 1.601399999999999871e-13
7.249999999999999778e-01 1.553799999999999902e-13
7.750000000000000222e-01 1.472800000000000045e-13
8.249999999999999556e-01 1.396000000000000060e-13
8.750000000000000000e-01 1.388800000000000100e-13
9.250000000000000444e-01 1.312799999999999970e-13
9.749999999999999778e-01 1.156600000000000090e-13
1.024999999999999911e+00 1.208200000000000092e-13
1.075000000000000178e+00 1.094200000000000023e-13
1.125000000000000000e+00 1.022599999999999980e-13
1.174999999999999822e+00 1.010799999999999969e-13
1.225000000000000089e+00 9.835999999999999690e-14
1.274999999999999911e+00 9.804000000000000432e-14
1.325000000000000178e+00 9.103999999999999628e-14
1.375000000000000000e+00 8.799999999999999106e-14
1.424999999999999822e+00 8.776000000000000925e-14
1.475000000000000089e+00 7.878000000000000611e-14
1.524999999999999911e+00 7.195999999999999075e-14
1.575000000000000178e+00 7.059999999999999705e-14
1.625000000000000000e+00 7.176000000000000169e-14
1.674999999999999822e+00 6.577999999999999840e-14
1.725000000000000089e+00 6.223999999999999531e-14
1.774999999999999911e+00 5.837999999999999964e-14
1.825000000000000178e+00 5.466000000000000388e-14
1.875000000000000000e+00 5.700000000000000956e-14
1.924999999999999822e+00 5.127999999999999707e-14
1.975000000000000089e+00 5.027999999999999502e-14
2.024999999999999911e+00 4.774000000000000029e-14
2.075000000000000178e+00 4.484000000000000129e-14
2.125000000000000000e+00 4.185999999999999783e-14
2.174999999999999822e+00 4.053999999999999689e-14
2.225000000000000089e+00 3.623999999999999881e-14
2.274999999999999911e+00 3.448000000000000176e-14
2.325000000000000178e+00 3.330000000000000073e-14
2.375000000000000000e+00 3.064000000000000248e-14
2.424999999999999822e+00 2.939999999999999968e-14
2.475000000000000089e+00 2.788000000000000023e-14
2.524999999999999911e+00 2.609999999999999733e-14
2.575000000000000178e+00 2.558000000000000308e-14
2.625000000000000000e+00 2.280000000000000130e-14
2.674999999999999822e+00 2.083999999999999943e-14
2.725000000000000089e+00 1.959000000000000160e-14
2.774999999999999911e+00 1.941200000000000225e-14
2.825000000000000178e+00 1.696200000000000070e-14
2.875000000000000000e+00 1.616399999999999996e-14
2.924999999999999822e+00 1.438000000000000095e-14
2.975000000000000089e+00 1.392800000000000071e-14
3.024999999999999911e+00 1.375400000000000064e-14
3.075000000000000178e+00 1.208800000000000078e-14
3.125000000000000000e+00 1.062400000000000066e-14
3.174999999999999822e+00 1.012800000000000049e-14
3.225000000000000089e+00 9.116000000000000612e-15
3.274999999999999911e+00 8.915999999999998940e-15
3.325000000000000178e+00 7.820000000000000063e-15
3.375000000000000000e+00 7.348000000000000282e-15
3.424999999999999822e+00 6.913999999999999935e-15
3.475000000000000089e+00 6.769999999999999173e-15
3.524999999999999911e+00 5.874000000000000391e-15
3.575000000000000178e+00 5.799999999999999583e-15
3.625000000000000000e+00 5.045999999999999558e-15
3.674999999999999822e+00 4.725999999999999881e-15
3.725000000000000089e+00 4.214000000000000238e-15
3.774999999999999911e+00 3.871999999999999809e-15
3.825000000000000178e+00 3.601999999999999760e-15
3.875000000000000000e+00 3.122000000000000243e-15
3.924999999999999822e+00 2.929999999999999885e-15
3.975000000000000089e+00 2.741999999999999985e-15
4.025000000000000355e+00 2.497999999999999965e-15
4.074999999999999289e+00 2.296000000000000232e-15
4.125000000000000000e+00 2.157999999999999962e-15
4.175000000000000711e+00 1.888400000000000077e-15
4.224999999999999645e+00 1.664599999999999872e-15
4.275000000000000355e+00 1.571000000000000087e-15
4.324999999999999289e+00 1.392599999999999989e-15
4.375000000000000000e+00 1.310200000000000070e-15
4.425000000000000711e+00 1.142200000000000101e-15
4.474999999999999645e+00 9.792000000000000158e-16
4.525000000000000355e+00 9.261999999999999435e-16
4.574999999999999289e+00 8.695999999999999704e-16
4.625000000000000000e+00 7.393999999999999452e-16
4.675000000000000711e+00 7.044000000000000667e-16
4.724999999999999645e+00 6.432000000000000781e-16
4.775000000000000355e+00 5.970000000000000373e-16
4.824999999999999289e+00 5.154000000000000524e-16
4.875000000000000000e+00 4.597999999999999970e-16
4.925000000000000711e+00 4.154000000000000052e-16
4.974999999999999645e+00 3.899999999999999771e-16
5.025000000000000355e+00 3.686000000000000139e-16
5.074999999999999289e+00 2.664000000000000000e-16
5.125000000000000000e+00 2.088000000000000106e-16
5.175000000000000711e+00 1.950600000000000082e-16
5.224999999999999645e+00 1.737800000000000105e-16
5.275000000000000355e+00 1.772999999999999918e-16
5.324999999999999289e+00 1.439600000000000013e-16
5.375000000000000000e+00 1.263999999999999930e-16
5.425000000000000711e+00 1.036399999999999939e-16
5.474999999999999645e+00 7.748000000000000373e-17
5.525000000000000355e+00 6.740000000000000806e-17
5.574999999999999289e+00 6.136000000000000014e-17
5.625000000000000000e+00 4.314000000000000310e-17
5.675000000000000711e+00 4.509999999999999575e-17
5.724999999999999645e+00 3.570000000000000571e-17
5.775000000000000355e+00 2.537999999999999900e-17
5.824999999999999289e+00 2.631999999999999862e-17
5.875000000000000000e+00 1.750200000000000132e-17
5.925000000000000711e+00 1.776599999999999930e-17
5.974999999999999645e+00 1.295800000000000146e-17
6.025000000000000355e+00 1.142799999999999959e-17
6.074999999999999289e+00 1.372199999999999832e-17
6.125000000000000000e+00 8.501999999999999904e-18
6.175000000000000711e+00 8.442000000000000223e-18
6.224999999999999645e+00 7.998000000000000121e-18
6.275000000000000355e+00 7.498000000000001241e-18
6.324999999999999289e+00 2.445999999999999927e-18
6.375000000000000000e+00 5.935999999999999845e-18
6.425000000000000711e+00 1.463600000000000054e-18
6.474999999999999645e+00 3.101999999999999942e-19
6.525000000000000355e+00 6.784000000000000263e-18
6.574999999999999289e+00 4.521999999999999512e-18
6.625000000000000000e+00 2.516000000000000325e-18
6.675000000000000711e+00 1.914800000000000011e-18
6.724999999999999645e+00 1.600999999999999994e-18
6.775000000000000355e+00 8.012000000000000200e-19
6.824999999999999289e+00 3.189999999999999974e-18
6.875000000000000000e+00 0.000000000000000000e+00
6.925000000000000711e+00 6.416000000000000373e-18
6.974999999999999645e+00 2.392000000000000060e-18
7.025000000000000355e+00 3.986000000000000207e-18
7.074999999999999289e+00 3.189999999999999974e-18
7.125000000000000000e+00 7.973999999999998939e-19
7.175000000000000711e+00 0.000000000000000000e+00
7.224999999999999645e+00 0.000000000000000000e+00
7.275000000000000355e+00 0.000000000000000000e+00
7.324999999999999289e+00 0.000000000000000000e+00
7.375000000000000000e+00 0.000000000000000000e+00
7.425000000000000711e+00 0.000000000000000000e+00
7.474999999999999645e+00 0.000000000000000000e+00
7.525000000000000355e+00 0.000000000000000000e+00
7.574999999999999289e+00 0.000000000000000000e+00
7.625000000000000000e+00 0.000000000000000000e+00
7.675000000000000711e+00 0.000000000000000000e+00
7.724999999999999645e+00 0.000000000000000000e+00
7.775000000000000355e+00 0.000000000000000000e+00
7.824999999999999289e+00 0.000000000000000000e+00
7.875000000000000000e+00 0.000000000000000000e+00
7.925000000000000711e+00 0.000000000000000000e+00
7.974999999999999645e+00 0.000000000000000000e+00
8.025000000000000355e+00 0.000000000000000000e+00
8.074999999999999289e+00 0.000000000000000000e+00
8.125000000000000000e+00 0.000000000000000000e+00
8.175000000000000711e+00 0.000000000000000000e+00
8.224999999999999645e+00 0.000000000000000000e+00
8.275000000000000355e+00 0.000000000000000000e+00
8.324999999999999289e+00 0.000000000000000000e+00
8.375000000000000000e+00 0.000000000000000000e+00
8.425000000000000711e+00 0.000000000000000000e+00
8.474999999999999645e+00 0.000000000000000000e+00
8.525000000000000355e+00 0.000000000000000000e+00
8.574999999999999289e+00 0.000000000000000000e+00
8.625000000000000000e+00 0.000000000000000000e+00
8.675000000000000711e+00 0.000000000000000000e+00
8.724999999999999645e+00 0.000000000000000000e+00
8.775000000000000355e+00 0.000000000000000000e+00
8.824999999999999289e+00 0.000000000000000000e+00
8.875000000000000000e+00 0.000000000000000000e+00
8.925000000000000711e+00 0.000000000000000000e+00
8.974999999999999645e+00 0.000000000000000000e+00
9.025000000000000355e+00 0.000000000000000000e+00
9.074999999999999289e+00 0.000000000000000000e+00
9.125000000000000000e+00 0.000000000000000000e+00
9.175000000000000711e+00 0.000000000000000000e+00
9.224999999999999645e+00 0.000000000000000000e+00
9.275000000000000355e+00 0.000000000000000000e+00
9.324999999999999289e+00 0.000000000000000000e+00
9.375000000000000000e+00 0.000000000000000000e+00
9.425000000000000711e+00 0.000000000000000000e+00
9.474999999999999645e+00 0.000000000000000000e+00
9.525000000000000355e+00 0.000000000000000000e+00
9.574999999999999289e+00 0.000000000000000000e+00
9.625000000000000000e+00 0.000000000000000000e+00
9.675000000000000711e+00 0.000000000000000000e+00
9.724999999999999645e+00 0.000000000000000000e+00
9.775000000000000355e+00 0.000000000000000000e+00
9.824999999999999289e+00 0.000000000000000000e+00
9.875000000000000000e+00 0.000000000000000000e+00
9.925000000000000711e+00 0.000000000000000000e+00
9.974999999999999645e+00 0.000000000000000000e+00
