5.232989999999999647e-04 4.364037061778747011e+05
6.042960000000000432e-04 4.382836185048625339e+05
6.978309999999999938e-04 4.401636768030800158e+05
8.058419999999999733e-04 4.420439811204097932e+05
9.305719999999999530e-04 4.439238709302044590e+05
1.074609999999999932e-03 4.462030407980871387e+05
1.240940000000000055e-03 4.468108269388021436e+05
1.433009999999999970e-03 4.475764321139683016e+05
1.654819999999999989e-03 4.485483664329416351e+05
1.910950000000000018e-03 4.498711517578335479e+05
2.206730000000000063e-03 4.515592764254377689e+05
2.548299999999999871e-03 4.537425499991016695e+05
2.942730000000000172e-03 4.565684348869687528e+05
3.398210000000000033e-03 4.604538255383414216e+05
3.924190000000000143e-03 4.654522082351486897e+05
4.531580000000000330e-03 4.718583176256568404e+05
5.232989999999999864e-03 4.799677786505203694e+05
6.042959999999999998e-03 4.908576611514203250e+05
6.978309999999999721e-03 5.038608634101733332e+05
8.058420000000000166e-03 5.195193915224251105e+05
9.305719999999999964e-03 5.373604681906116894e+05
1.074609999999999975e-02 5.612267743522922974e+05
1.240939999999999925e-02 5.837825092893517576e+05
1.433010000000000013e-02 6.059453673192891292e+05
1.654819999999999902e-02 6.267729781431664014e+05
1.910950000000000149e-02 6.451242147929493804e+05
2.206730000000000150e-02 6.606307333333692513e+05
2.548299999999999871e-02 6.712773978908101562e+05
2.942729999999999999e-02 6.713208727898194920e+05
3.398210000000000119e-02 6.589025350591773167e+05
3.924190000000000317e-02 6.337378651046729647e+05
4.531580000000000330e-02 6.003219513144306839e+05
5.232989999999999864e-02 5.615653635413845768e+05
6.042959999999999998e-02 5.135125866813081084e+05
6.978310000000000068e-02 4.581426967499390012e+05
8.058419999999999472e-02 3.961149677202061284e+05
9.305720000000000658e-02 3.297301222608895623e+05
1.074610000000000010e-01 2.616544024779958418e+05
1.240939999999999960e-01 2.054079456157127279e+05
1.433010000000000117e-01 1.585419204792720266e+05
1.654819999999999902e-01 1.206261600201517867e+05
1.910949999999999871e-01 8.924604314868384972e+04
2.206730000000000080e-01 6.702976930667345005e+04
2.548300000000000010e-01 4.997928119413804961e+04
2.942730000000000068e-01 3.699806104370771936e+04
3.398209999999999842e-01 2.700178260051894540e+04
3.924190000000000178e-01 2.007768071080516529e+04
4.531580000000000052e-01 1.489515290518199072e+04
5.232989999999999586e-01 1.102824060433020531e+04
6.042960000000000553e-01 8.105083680490641200e+03
6.978309999999999791e-01 6.069621675467851674e+03
8.058419999999999472e-01 4.542368622954896637e+03
9.305719999999999548e-01 3.394532824504834934e+03
1.074610000000000065e+00 2.509341567826172650e+03
1.240939999999999932e+00 1.891101772143671496e+03
1.433009999999999895e+00 1.422139330376275211e+03
1.654819999999999958e+00 1.066781927880967032e+03
1.910949999999999926e+00 7.900465763572492506e+02
2.206729999999999858e+00 5.966481825621200414e+02
2.548299999999999788e+00 4.494142617587402242e+02
2.942730000000000068e+00 3.375173951406544006e+02
3.398210000000000175e+00 2.502020865923423116e+02
3.924189999999999845e+00 1.889045315498695174e+02
4.531579999999999941e+00 1.421537241163100589e+02
5.232990000000000030e+00 1.065856519926064152e+02
6.042959999999999887e+00 7.892966306896119022e+01
6.978309999999999569e+00 5.950294584588382918e+01
8.058419999999999916e+00 4.474303029807413168e+01
9.305720000000000880e+00 3.355604334289215984e+01
1.074610000000000021e+01 2.488503976153630504e+01
1.240939999999999976e+01 1.879453508534534834e+01
1.433009999999999984e+01 1.415921538877199914e+01
1.654820000000000135e+01 1.063553274467427201e+01
1.910950000000000060e+01 7.878658628368179428e+00
2.206729999999999947e+01 5.948126124494782729e+00
2.548300000000000054e+01 4.476868921533519341e+00
2.942729999999999890e+01 3.358671945097484901e+00
3.398210000000000264e+01 2.481849686649550968e+00
3.924190000000000111e+01 1.872436480914617229e+00
4.531580000000000297e+01 1.409121732757519396e+00
5.232990000000000208e+01 1.057458651588099263e+00
6.042960000000000065e+01 7.812940994444703691e-01
6.978310000000000457e+01 5.898682300755994090e-01
8.058419999999999561e+01 4.442023629591101419e-01
9.305719999999999459e+01 3.334912779595829990e-01
1.074609999999999985e+02 2.462296784716841158e-01
1.240939999999999941e+02 1.857765065473951926e-01
1.433009999999999877e+02 1.397384059614836527e-01
1.654819999999999993e+02 1.047387985552308970e-01
1.910949999999999989e+02 7.712761945149770870e-02
2.206730000000000018e+02 5.805411185172962979e-02
2.548300000000000125e+02 4.355157622732059447e-02
2.942730000000000246e+02 3.254786617342776689e-02
3.398210000000000264e+02 2.387746363751142714e-02
3.924189999999999827e+02 1.791290868159576416e-02
4.531580000000000155e+02 1.338922626833504922e-02
5.232989999999999782e+02 9.966472162970772819e-03
6.042960000000000491e+02 7.274803964989638369e-03
6.978310000000000173e+02 5.432988241722148948e-03
8.058419999999999845e+02 4.041053061592064094e-03
9.305720000000000027e+02 2.991926409963994397e-03
1.074609999999999900e+03 2.169202554821289455e-03
1.240940000000000055e+03 1.610270726212088745e-03
1.433009999999999991e+03 1.189899991325822550e-03
1.654819999999999936e+03 8.747079914358231543e-04
1.910950000000000045e+03 6.285138253972884182e-04
2.206730000000000018e+03 4.628500404498809683e-04
2.548300000000000182e+03 3.390696137095799566e-04
2.942730000000000018e+03 2.469180657563624826e-04
3.398210000000000036e+03 1.753180725557936122e-04
3.924190000000000055e+03 1.277595051868193193e-04
4.531579999999999927e+03 9.253534476559482414e-05
5.232989999999999782e+03 6.656022407722027951e-05
6.042960000000000036e+03 4.652122754328335272e-05
6.978310000000000400e+03 3.343965482756541135e-05
8.058420000000000073e+03 2.386398513091439640e-05
9.305719999999999345e+03 1.689170898807733112e-05
1.074610000000000036e+04 1.156348787073661517e-05
1.240939999999999964e+04 8.165106299828557522e-06
1.433010000000000036e+04 5.716057907839101421e-06
1.654820000000000073e+04 3.962520261725046104e-06
1.910950000000000000e+04 2.639350433899036709e-06
2.206729999999999927e+04 1.821141510203889975e-06
2.548300000000000000e+04 1.243572976560135960e-06
2.942729999999999927e+04 8.391508416962487214e-07
3.398209999999999854e+04 5.390599698986223402e-07
3.924190000000000146e+04 3.610177336533842432e-07
4.531580000000000291e+04 2.387284539364891233e-07
5.232990000000000146e+04 1.555830786312526168e-07
6.042959999999999854e+04 9.525192995782404156e-08
6.978310000000000582e+04 6.138144551784116110e-08
8.058419999999999709e+04 3.894278036460677083e-08
9.305719999999999709e+04 2.426687272118128866e-08
1.074610000000000000e+05 1.393088378854520965e-08
1.240940000000000000e+05 8.541788077148055222e-09
1.433010000000000000e+05 5.137617816204253143e-09
1.654820000000000000e+05 3.021804244111126020e-09
1.910950000000000000e+05 1.590148600620406245e-09
2.206730000000000000e+05 9.142234736416691841e-10
2.548300000000000000e+05 5.132533479975944606e-10
2.942730000000000000e+05 2.802181809891943777e-10
3.398210000000000000e+05 1.308222994755257482e-10
3.924190000000000000e+05 6.916417670370501381e-11
4.531580000000000000e+05 3.550643798318026530e-11
5.232990000000000000e+05 1.760363258156014008e-11
6.042960000000000000e+05 6.943966444057535607e-12
6.978310000000000000e+05 3.286564746269557608e-12
8.058420000000000000e+05 1.500412641814275972e-12
9.305720000000000000e+05 6.560691613204375906e-13
1.074610000000000000e+06 2.024466173305790489e-13
1.240940000000000000e+06 8.248496626762475521e-14
1.433010000000000000e+06 3.218247718170601623e-14
1.654820000000000000e+06 1.193892161662598122e-14
1.910950000000000000e+06 2.527447485340481575e-15
2.206730000000000000e+06 8.314255827499215769e-16
2.548300000000000000e+06 2.597607179010642044e-16
2.942730000000000000e+06 7.754111360224950337e-17
3.398210000000000000e+06 9.056838841205059690e-18
3.924190000000000000e+06 2.144437106142476222e-18
4.531580000000000000e+06 4.700215750100703267e-19
5.232990000000000000e+06 1.006207603531738858e-19
6.042960000000000000e+06 5.002740988470540142e-21
6.978310000000000000e+06 6.960732068849855899e-22
8.058420000000000000e+06 8.178109214502423749e-23
9.305720000000000000e+06 9.325014925299676219e-24
1.074610000000000000e+07 1.417718242776556492e-25
1.240940000000000000e+07 7.504131574619191348e-27
1.433010000000000000e+07 1.817844857229611285e-28
1.654820000000000000e+07 -1.276457978735132596e-29
1.910950000000000000e+07 -5.216005025861800246e-31
2.206730000000000000e+07 -4.341004858899765176e-32
2.548300000000000000e+07 -2.517591065255177521e-33
2.942730000000000000e+07 -1.228793236184582944e-34
3.398210000000000000e+07 -5.790558050850472544e-37
3.924190000000000000e+07 -1.161975387180237183e-38
4.531580000000000000e+07 -1.198959345242271120e-40
5.232990000000000000e+07 -6.215883749747401907e-43
6.042960000000000000e+07 -2.354163650088537659e-46
6.978310000000000000e+07 -3.177579381115987957e-49
8.058420000000000000e+07 -1.111631807013603022e-52
9.305720000000000000e+07 0.000000000000000000e+00
